18  13  0  0  
17  13  0  0  
18  14  0  0.852017045  
17  14  0  0.9577279687  
16  14  0  1.033434629  
17  15  0  0  
16  15  0  1.013747692  
15  15  0  1.017517567  
26  16  0  0  
16  16  0  1.016562939  
15  16  0  1.023869991  
14  16  0  0.9803975224  
16  17  0  1.063029528  
15  17  0  1.042257309  
14  17  0  0.9973403811  
25  18  0  0  
15  18  0  1.072481275  
14  18  0  0.9910641313  
15  19  0  1.091331124  
14  19  0  1.010329962  
13  19  0  0.9242796302  
15  20  0  1.02013278  
14  20  0  1.00165832  
13  20  0  0.9566313028  
16  21  0  0.9446470141  
15  21  0  0.9556795955  
14  21  0  0.9960547686  
16  22  0  0.94902879  
15  22  0  0.9082019329  
16  23  0  0.9612290263  
