18  13  0  0  
17  13  0  0  
18  14  0  0  
17  14  0  50.60709381  
16  14  0  54.449543  
17  15  0  43.46695328  
16  15  0  63.75491333  
15  15  0  57.98519516  
26  16  0  0  
16  16  0  62.30973053  
15  16  0  68.01334381  
14  16  0  45.46804428  
16  17  0  0  
15  17  0  62.17576981  
14  17  0  58.38687515  
25  18  0  0  
15  18  0  33.20470047  
14  18  0  64.35713959  
15  19  0  42.91095734  
14  19  0  72.19304657  
13  19  0  0  
15  20  0  62.46783829  
14  20  0  57.22150803  
13  20  0  0  
16  21  0  50.98433685  
15  21  0  77.50823212  
14  21  0  55.21521759  
16  22  0  47.31419754  
15  22  0  60.21318436  
16  23  0  35.1793251  
