18  13  0  0  
17  13  0  0  
18  14  0  0  
17  14  0  0  
16  14  0  1580.289185  
17  15  0  0  
16  15  0  1546.278687  
15  15  0  1408.221436  
26  16  0  180.7834473  
16  16  0  1693.717651  
15  16  0  1519.403931  
14  16  0  1786.80896  
16  17  0  1537.185059  
15  17  0  1493.567383  
14  17  0  1781.47583  
25  18  0  0  
15  18  0  1377.34436  
14  18  0  911.0981445  
15  19  0  921.8803711  
14  19  0  847.3118896  
13  19  0  657.3845215  
15  20  0  1005.350159  
14  20  0  978.1438599  
13  20  0  770.0349731  
16  21  0  978.7495117  
15  21  0  1098.352417  
14  21  0  1089.278442  
16  22  0  1038.784546  
15  22  0  1083.13623  
16  23  0  1069.067505  
