18  13  0  0  
17  13  0  0  
18  14  0  69.61482239  
17  14  0  97.73109436  
16  14  0  83.42140198  
19  15  0  0  
18  15  0  70.40444183  
17  15  0  107.4502945  
16  15  0  109.224205  
15  15  0  87.63763428  
14  15  0  0  
19  16  0  39.39527512  
18  16  0  65.95288086  
17  16  0  98.60901642  
16  16  0  81.41784668  
15  16  0  109.018219  
14  16  0  88.34181213  
13  16  0  0  
21  17  0  37.87573624  
20  17  0  59.79415894  
19  17  0  44.7946701  
18  17  0  53.79465866  
17  17  0  43.49660492  
16  17  0  67.76525116  
15  17  0  90.37246704  
14  17  0  93.89019012  
13  17  0  65.83314514  
21  18  0  35.43525314  
20  18  0  53.41915131  
19  18  0  35.36876297  
18  18  0  26.05444145  
17  18  0  35.03534698  
16  18  0  57.58669281  
15  18  0  84.00746918  
14  18  0  65.99978638  
13  18  0  30.36101532  
20  19  0  28.8580761  
19  19  0  22.78322029  
18  19  0  25.74017906  
17  19  0  38.11208725  
16  19  0  55.97155762  
15  19  0  72.88214111  
14  19  0  53.69155884  
18  20  0  33.16929245  
17  20  0  41.45998764  
16  20  0  0  
18  21  0  0  
17  21  0  0  
18  22  0  0  
17  22  0  0  
