18  13  0  0  
17  13  0  0  
18  14  0  1.053827167  
17  14  0  1.070459485  
16  14  0  0.9381709099  
19  15  0  0  
18  15  0  1.38866961  
17  15  0  1.072687745  
16  15  0  0.9775372744  
15  15  0  0.9721643925  
14  15  0  0.9483635426  
19  16  0  0  
18  16  0  1.069190741  
17  16  0  1.042381763  
16  16  0  0.9640161395  
15  16  0  0.9894860387  
14  16  0  1.024112463  
13  16  0  0.9676575065  
21  17  0  0  
20  17  0  0.7816342115  
19  17  0  0.8769930005  
18  17  0  1.046634078  
17  17  0  0.8928085566  
16  17  0  0.8594303727  
15  17  0  0.9699618816  
14  17  0  1.028139591  
13  17  0  1.046475649  
21  18  0  1.194539428  
20  18  0  0.8691869378  
19  18  0  0.923376441  
18  18  0  1.210541725  
17  18  0  0  
16  18  0  0.8083834052  
15  18  0  0.9474526048  
14  18  0  1.033716917  
13  18  0  1.311247706  
20  19  0  1.275371313  
19  19  0  1.30328989  
18  19  0  1.221597433  
17  19  0  1.004421711  
16  19  0  0.9842329621  
15  19  0  0.8885996938  
14  19  0  0.9187419415  
18  20  0  1.166293859  
17  20  0  0  
16  20  0  0  
18  21  0  0  
17  21  0  0  
18  22  0  0  
17  22  0  0  
