18  13  0  0  
17  13  0  0  
18  14  0  1316.170044  
17  14  0  1307.782715  
16  14  0  1629.909302  
19  15  0  0  
18  15  0  747.2298584  
17  15  0  1273.918091  
16  15  0  1459.162109  
15  15  0  1484.14502  
14  15  0  1565.689331  
19  16  0  0  
18  16  0  1226.877686  
17  16  0  1305.98877  
16  16  0  1447.246094  
15  16  0  1415.860962  
14  16  0  1389.196533  
13  16  0  1492.334961  
21  17  0  0  
20  17  0  2079.315674  
19  17  0  1642.004028  
18  17  0  1237.553589  
17  17  0  1632.303467  
16  17  0  1719.688354  
15  17  0  1413.690308  
14  17  0  1340.680298  
13  17  0  1265.517212  
21  18  0  815.9034424  
20  18  0  1643.995239  
19  18  0  1460.604492  
18  18  0  803.7130737  
17  18  0  0  
16  18  0  1860.045532  
15  18  0  1413.036987  
14  18  0  1279.870605  
13  18  0  776.9232788  
20  19  0  767.2728882  
19  19  0  726.2333984  
18  19  0  759.9830933  
17  19  0  1038.365356  
16  19  0  1088.971924  
15  19  0  1554.467041  
14  19  0  1534.754639  
18  20  0  820.0678101  
17  20  0  0  
16  20  0  0  
18  21  0  0  
17  21  0  0  
18  22  0  0  
17  22  0  0  
