23  11  0  0  
22  11  0  0  
24  12  0  0  
23  12  0  0  
22  12  0  0  
24  13  0  1.003781438  
23  13  0  0.9575375915  
22  13  0  0.9376363158  
21  13  0  0.9130058885  
20  13  0  0  
30  14  0  0  
29  14  0  0  
25  14  0  0  
24  14  0  1.010783792  
23  14  0  0.9589618444  
22  14  0  0.974401176  
21  14  0  0.9861423969  
20  14  0  0.96534729  
19  14  0  0.904358089  
31  15  0  0  
30  15  0  0.890391469  
29  15  0  0  
25  15  0  0  
24  15  0  1.036438823  
23  15  0  1.004393816  
22  15  0  0.996057868  
21  15  0  0.9857279658  
20  15  0  0.943793714  
19  15  0  0.8954875469  
18  15  0  0  
31  16  0  0  
30  16  0  0  
25  16  0  0  
24  16  0  1.11513865  
23  16  0  1.047718167  
22  16  0  0.8934621811  
21  16  0  0.8776578307  
20  16  0  0.8969730735  
19  16  0  0.9001418948  
18  16  0  0.9467715621  
23  17  0  0  
19  17  0  0  
18  17  0  0  
