23  11  0  0  
22  11  0  0  
24  12  0  0  
23  12  0  0  
22  12  0  0  
24  13  0  88.54577637  
23  13  0  125.6138382  
22  13  0  119.9989395  
21  13  0  96.22663879  
20  13  0  0  
30  14  0  0  
29  14  0  0  
25  14  0  0  
24  14  0  92.23100281  
23  14  0  123.5473557  
22  14  0  121.3257523  
21  14  0  110.0818558  
20  14  0  100.7485046  
19  14  0  86.74924469  
31  15  0  0  
30  15  0  54.12589264  
29  15  0  0  
25  15  0  0  
24  15  0  69.3203125  
23  15  0  82.67209625  
22  15  0  81.89115143  
21  15  0  86.20043945  
20  15  0  103.6203079  
19  15  0  109.6061249  
18  15  0  0  
31  16  0  0  
30  16  0  0  
25  16  0  0  
24  16  0  42.41062546  
23  16  0  49.55587769  
22  16  0  57.41506958  
21  16  0  60.08917236  
20  16  0  72.78623962  
19  16  0  84.45697021  
18  16  0  60.11502075  
23  17  0  0  
19  17  0  0  
18  17  0  0  
