23  11  0  0  
22  11  0  0  
24  12  0  0  
23  12  0  0  
22  12  0  0  
24  13  0  1506.386353  
23  13  0  1617.229736  
22  13  0  1678.753296  
21  13  0  1781.679443  
20  13  0  0  
30  14  0  0  
29  14  0  0  
25  14  0  0  
24  14  0  1461.231567  
23  14  0  1594.209351  
22  14  0  1563.450806  
21  14  0  1550.904541  
20  14  0  1595.057007  
19  14  0  1800.477295  
31  15  0  0  
30  15  0  1890.695801  
29  15  0  0  
25  15  0  0  
24  15  0  1380.84436  
23  15  0  1450.903198  
22  15  0  1471.755493  
21  15  0  1514.610474  
20  15  0  1653.057373  
19  15  0  1825.090088  
18  15  0  0  
31  16  0  0  
30  16  0  0  
25  16  0  0  
24  16  0  1247.712646  
23  16  0  1356.980713  
22  16  0  1761.486084  
21  16  0  1830.431885  
20  16  0  1793.389893  
19  16  0  1764.331177  
18  16  0  1550.684814  
23  17  0  0  
19  17  0  0  
18  17  0  0  
