26  14  0  0  
25  14  0  0  
24  14  0  0  
23  14  0  0  
18  14  0  1.013201594  
17  14  0  1.036829352  
25  15  0  0  
24  15  0  0  
19  15  0  1.048430562  
18  15  0  1.042109132  
17  15  0  1.062107325  
16  15  0  0.9871391654  
25  16  0  0  
20  16  0  1.203704  
19  16  0  1.127987504  
18  16  0  1.017232776  
17  16  0  0.9942784905  
16  16  0  0.9263203144  
15  16  0  0  
20  17  0  0  
19  17  0  1.042679191  
18  17  0  0.9463134408  
17  17  0  0.9681991339  
16  17  0  0.8744978309  
15  17  0  0.751978755  
14  17  0  0  
25  18  0  0  
20  18  0  0  
19  18  0  0  
17  18  0  0.9153410196  
16  18  0  0.8381128907  
15  18  0  0  
14  18  0  0  
25  19  0  0  
19  19  0  0  
16  19  0  0  
15  19  0  0  
14  19  0  0  
25  20  0  0  
15  20  0  0  
14  20  0  0  
26  21  0  0  
25  21  0  0  
