26  14  0  0  
25  14  0  0  
24  14  0  0  
23  14  0  0  
18  14  0  36.1685791  
17  14  0  33.09361267  
25  15  0  0  
24  15  0  0  
19  15  0  34.46925735  
18  15  0  55.11311722  
17  15  0  55.74503326  
16  15  0  42.05786514  
25  16  0  0  
20  16  0  18.8695755  
19  16  0  33.75120544  
18  16  0  54.14256287  
17  16  0  67.49951935  
16  16  0  67.71476746  
15  16  0  0  
20  17  0  0  
19  17  0  34.51215744  
18  17  0  48.29785156  
17  17  0  56.85381699  
16  17  0  77.13792419  
15  17  0  97.66753387  
14  17  0  0  
25  18  0  0  
20  18  0  0  
19  18  0  0  
17  18  0  38.21993256  
16  18  0  64.49305725  
15  18  0  0  
14  18  0  0  
25  19  0  0  
19  19  0  0  
16  19  0  0  
15  19  0  0  
14  19  0  0  
25  20  0  0  
15  20  0  0  
14  20  0  0  
26  21  0  0  
25  21  0  0  
