26  14  0  0  
25  14  0  0  
24  14  0  0  
23  14  0  0  
18  14  0  1476.84082  
17  14  0  1439.628906  
25  15  0  0  
24  15  0  0  
19  15  0  1424.84668  
18  15  0  1438.005249  
17  15  0  1391.052612  
16  15  0  1524.259277  
25  16  0  0  
20  16  0  1209.383545  
19  16  0  1294.790894  
18  16  0  1499.902588  
17  16  0  1540.230469  
16  16  0  1706.827637  
15  16  0  0  
20  17  0  0  
19  17  0  1422.885132  
18  17  0  1653.595947  
17  17  0  1601.012207  
16  17  0  1937.949707  
15  17  0  2743.502441  
14  17  0  0  
25  18  0  0  
20  18  0  0  
19  18  0  0  
17  18  0  1715.552002  
16  18  0  2109.394531  
15  18  0  0  
14  18  0  0  
25  19  0  0  
19  19  0  0  
16  19  0  0  
15  19  0  0  
14  19  0  0  
25  20  0  0  
15  20  0  0  
14  20  0  0  
26  21  0  0  
25  21  0  0  
