18  13  0  0  
17  13  0  0  
18  14  0  1961.229858  
17  14  0  1991.079834  
16  14  0  1920.999756  
19  15  0  0  
18  15  0  1720.189209  
17  15  0  1863.867676  
16  15  0  1702.245239  
15  15  0  1593.383911  
14  15  0  0  
19  16  0  1110.55835  
18  16  0  1779.805786  
17  16  0  2048.137207  
16  16  0  1215.305908  
15  16  0  1464.564697  
14  16  0  1500.397095  
13  16  0  0  
21  17  0  937.6814575  
20  17  0  1072.493896  
19  17  0  1075.771362  
18  17  0  1733.955322  
17  17  0  1045.099609  
16  17  0  1128.709717  
15  17  0  1119.870728  
14  17  0  1418.353271  
13  17  0  2005.974976  
21  18  0  917.9763794  
20  18  0  1002.364746  
19  18  0  947.0956421  
18  18  0  899.675354  
17  18  0  934.838562  
16  18  0  1080.663818  
15  18  0  1182.42395  
14  18  0  1094.416382  
13  18  0  993.8268433  
20  19  0  902.2598267  
19  19  0  850.8920288  
18  19  0  907.6596069  
17  19  0  1082.410034  
16  19  0  1316.966797  
15  19  0  1341.659668  
14  19  0  1189.741821  
18  20  0  1101.943848  
17  20  0  1201.608643  
16  20  0  0  
18  21  0  0  
17  21  0  0  
18  22  0  0  
17  22  0  0  
