18  13  0  0  
17  13  0  0  
18  14  0  0.7953035235  
17  14  0  0.8001847267  
16  14  0  0.8167434931  
19  15  0  0  
18  15  0  0.8486551046  
17  15  0  0.8171492219  
16  15  0  0.8426547647  
15  15  0  0.8769988418  
14  15  0  0  
19  16  0  0.9865347743  
18  16  0  0.8375843167  
17  16  0  0.777068615  
16  16  0  0.9366471767  
15  16  0  0.8983100057  
14  16  0  0.9297987223  
13  16  0  0  
21  17  0  0.9743862748  
20  17  0  0.9505095482  
19  17  0  1.004790068  
18  17  0  0.8510984182  
17  17  0  1.000056624  
16  17  0  0.9307163954  
15  17  0  0.9801335335  
14  17  0  0.9320862293  
13  17  0  0.8102258444  
21  18  0  0.9753287435  
20  18  0  0.9873182774  
19  18  0  1.078583121  
18  18  0  1.123395443  
17  18  0  1.030170083  
16  18  0  0.926027596  
15  18  0  0.9274592996  
14  18  0  1.00605607  
13  18  0  1.052639842  
20  19  0  1.059954524  
19  19  0  1.089516997  
18  19  0  1.030673981  
17  19  0  0.9273231626  
16  19  0  0.8375977874  
15  19  0  0.8544641137  
14  19  0  0.9158126116  
18  20  0  0.8928713202  
17  20  0  0.8588063717  
16  20  0  0  
18  21  0  0  
17  21  0  0  
18  22  0  0  
17  22  0  0  
