18  13  0  0  
17  13  0  0  
18  14  0  54.98207092  
17  14  0  67.64128876  
16  14  0  0  
19  15  0  41.63825989  
18  15  0  66.86535645  
17  15  0  85.07234955  
16  15  0  91.97332764  
15  15  0  78.25430298  
14  15  0  47.53412628  
19  16  0  38.17750168  
18  16  0  53.24361801  
17  16  0  74.04956055  
16  16  0  89.94046021  
15  16  0  103.2943344  
14  16  0  89.08381653  
13  16  0  53.71164703  
21  17  0  0  
20  17  0  62.90437698  
19  17  0  38.85739136  
18  17  0  35.94157791  
17  17  0  56.87105942  
16  17  0  83.15881348  
15  17  0  107.4427185  
14  17  0  96.54972076  
13  17  0  53.40304947  
21  18  0  0  
20  18  0  68.74208832  
19  18  0  42.37837982  
18  18  0  25.44988632  
17  18  0  40.84532928  
16  18  0  73.88344574  
15  18  0  101.1472549  
14  18  0  88.57264709  
13  18  0  42.91661072  
20  19  0  56.24934387  
19  19  0  35.31554794  
18  19  0  18.09645081  
17  19  0  34.40113831  
16  19  0  53.52208328  
15  19  0  72.228302  
14  19  0  72.00063324  
18  20  0  20.77300072  
17  20  0  28.5577507  
16  20  0  26.30593109  
18  21  0  22.11981773  
17  21  0  24.61288834  
18  22  0  16.2983532  
17  22  0  0  
