18  13  0  0  
17  13  0  0  
18  14  0  1768.292358  
17  14  0  1640.951904  
16  14  0  0  
19  15  0  1768.904419  
18  15  0  1729.375366  
17  15  0  1639.854004  
16  15  0  1728.719238  
15  15  0  1800.365967  
14  15  0  1559.507812  
19  16  0  1313.762207  
18  16  0  1454.946411  
17  16  0  1612.019287  
16  16  0  1652.876343  
15  16  0  1647.003906  
14  16  0  1627.137817  
13  16  0  1786.451416  
21  17  0  0  
20  17  0  1593.024048  
19  17  0  1141.56311  
18  17  0  1196.46106  
17  17  0  1590.374023  
16  17  0  1725.048706  
15  17  0  1616.864746  
14  17  0  1547.428101  
13  17  0  1601.916382  
21  18  0  0  
20  18  0  1671.529053  
19  18  0  1315.425049  
18  18  0  1090.308716  
17  18  0  1430.396362  
16  18  0  1717.71582  
15  18  0  1671.652222  
14  18  0  1629.533569  
13  18  0  1555.893433  
20  19  0  2100.563477  
19  19  0  1468.437866  
18  19  0  747.4703979  
17  19  0  1256.84436  
16  19  0  1528.856934  
15  19  0  1633.099487  
14  19  0  1887.12793  
18  20  0  845.3348999  
17  20  0  937.0065308  
16  20  0  946.6234131  
18  21  0  945.7729492  
17  21  0  907.2151489  
18  22  0  772.5708008  
17  22  0  0  
