27  12  0  0  
21  12  0  0.9230134487  
20  12  0  0.8907423019  
28  13  0  0  
27  13  0  0  
26  13  0  0  
22  13  0  0  
21  13  0  1.0283916  
20  13  0  0.9741665721  
19  13  0  0.9020360112  
18  13  0  0.8392136097  
28  14  0  0  
27  14  0  0  
23  14  0  1.533356071  
22  14  0  0  
21  14  0  0  
20  14  0  1.064428329  
19  14  0  0.9901787043  
18  14  0  0.9037996531  
17  14  0  0  
22  15  0  0  
21  15  0  0  
20  15  0  1.056087136  
19  15  0  0.8936297297  
18  15  0  0.9025687575  
17  15  0  0  
16  15  0  0  
22  16  0  0  
21  16  0  0  
20  16  0  0  
19  16  0  0  
18  16  0  0  
17  16  0  0  
16  16  0  0.860370934  
21  17  0  1.641828656  
18  17  0  0  
17  17  0  0  
16  17  0  0  
27  18  0  0  
21  18  0  1.348511338  
16  18  0  0  
27  19  0  0  
28  20  0  0  
27  20  0  0  
