21  8  0  0  
24  9  0  0  
23  9  0  0  
22  9  0  0  
21  9  0  0  
13  9  0  0  
23  10  0  0  
27  12  0  0  
25  12  0  0  
32  13  0  0  
27  13  0  4.002406597  
25  13  0  0  
19  13  0  0  
18  13  0  0  
17  13  0  0  
16  13  0  15.77112484  
33  14  0  0  
32  14  0  0  
29  14  0  0  
28  14  0  0  
19  14  0  0  
18  14  0  51.722332  
17  14  0  48.74201965  
16  14  0  37.2162056  
15  14  0  24.88881683  
33  15  0  0  
30  15  0  0  
29  15  0  0  
26  15  0  0  
18  15  0  0  
17  15  0  0  
16  15  0  60.53102875  
15  15  0  49.42663956  
14  15  0  0  
7  15  0  0  
30  16  0  0  
29  16  0  0  
26  16  0  0  
25  16  0  0  
17  16  0  0  
15  16  0  66.36692047  
14  16  0  37.29833603  
13  16  0  0  
26  17  0  0  
25  17  0  0  
16  17  0  41.28072739  
15  17  0  59.25356293  
14  17  0  41.29177475  
13  17  0  0  
30  18  0  0  
25  18  0  0  
16  18  0  24.34819031  
15  18  0  43.87011719  
14  18  0  39.71401596  
5  18  0  0  
25  19  0  0  
15  19  0  41.93610001  
14  19  0  48.45447922  
13  19  0  29.25432014  
5  19  0  0  
16  20  0  26.29099655  
15  20  0  52.00747299  
14  20  0  56.63669586  
13  20  0  31.89282227  
29  21  0  0  
16  21  0  39.81149673  
15  21  0  56.90807343  
14  21  0  44.99993134  
13  21  0  0  
27  22  0  0  
16  22  0  40.86840439  
15  22  0  46.26094818  
14  22  0  27.87473869  
26  23  0  0  
23  23  0  0  
16  23  0  29.61738968  
15  23  0  26.44449997  
15  24  0  0  
