21  8  0  0  
24  9  0  0  
23  9  0  0  
22  9  0  0  
21  9  0  0  
13  9  0  0  
23  10  0  0  
27  12  0  0  
25  12  0  0  
32  13  0  0  
27  13  0  0  
25  13  0  0  
19  13  0  0  
18  13  0  0  
17  13  0  0  
16  13  0  0  
33  14  0  0  
32  14  0  0  
29  14  0  0  
28  14  0  0  
19  14  0  0  
18  14  0  0  
17  14  0  0.9037485719  
16  14  0  0.8822931051  
15  14  0  0  
33  15  0  0  
30  15  0  0  
29  15  0  0  
26  15  0  0  
18  15  0  0  
17  15  0  0.9257763028  
16  15  0  0.9696828127  
15  15  0  0.9667998552  
14  15  0  0  
7  15  0  0  
30  16  0  0  
29  16  0  0  
26  16  0  0  
25  16  0  0  
17  16  0  0  
15  16  0  1.004425645  
14  16  0  0.9253869057  
13  16  0  0  
26  17  0  0  
25  17  0  0  
16  17  0  0  
15  17  0  0.9797308445  
14  17  0  0.8579189777  
13  17  0  0  
30  18  0  0  
25  18  0  0  
16  18  0  0  
15  18  0  1.272877216  
14  18  0  0.8362184763  
5  18  0  0  
25  19  0  0  
15  19  0  1.108586431  
14  19  0  0.8847512603  
13  19  0  0  
5  19  0  0  
16  20  0  0.8436692357  
15  20  0  0.9295651317  
14  20  0  0.9898117185  
13  20  0  0  
29  21  0  0  
16  21  0  0.8103832603  
15  21  0  0.8161492348  
14  21  0  0.8425744772  
13  21  0  0  
27  22  0  0  
16  22  0  0.8376284838  
15  22  0  0.799176991  
14  22  0  0.8246937394  
26  23  0  0  
23  23  0  0  
16  23  0  0.8179146647  
15  23  0  0.7620373368  
15  24  0  0  
