21  8  0  0  
24  9  0  0  
23  9  0  0  
22  9  0  0  
21  9  0  0  
13  9  0  0  
23  10  0  0  
27  12  0  0  
25  12  0  0  
32  13  0  0  
27  13  0  0  
25  13  0  0  
19  13  0  0  
18  13  0  0  
17  13  0  0  
16  13  0  0  
33  14  0  0  
32  14  0  0  
29  14  0  0  
28  14  0  0  
19  14  0  0  
18  14  0  0  
17  14  0  1699.244751  
16  14  0  1733.995605  
15  14  0  0  
33  15  0  0  
30  15  0  0  
29  15  0  0  
26  15  0  0  
18  15  0  0  
17  15  0  1608.791626  
16  15  0  1451.504639  
15  15  0  1441.720947  
14  15  0  0  
7  15  0  0  
30  16  0  0  
29  16  0  0  
26  16  0  0  
25  16  0  0  
17  16  0  0  
15  16  0  1352.194458  
14  16  0  1589.512939  
13  16  0  0  
26  17  0  0  
25  17  0  0  
16  17  0  0  
15  17  0  1389.256348  
14  17  0  1808.294189  
13  17  0  0  
30  18  0  0  
25  18  0  0  
16  18  0  0  
15  18  0  779.3026123  
14  18  0  1854.237915  
5  18  0  0  
25  19  0  0  
15  19  0  924.1784058  
14  19  0  1593.045288  
13  19  0  0  
5  19  0  0  
16  20  0  1360.297852  
15  20  0  1213.769653  
14  20  0  1106.298096  
13  20  0  0  
29  21  0  0  
16  21  0  1480.26709  
15  21  0  1527.778564  
14  21  0  1411.797607  
13  21  0  0  
27  22  0  0  
16  22  0  1320.055542  
15  22  0  1527.473999  
14  22  0  1387.949707  
26  23  0  0  
23  23  0  0  
16  23  0  1322.729126  
15  23  0  1613.002686  
15  24  0  0  
