21  8  0  0  
24  9  0  0  
23  9  0  0  
22  9  0  0  
21  9  0  0  
13  9  0  0  
23  10  0  0  
27  12  0  0  
25  12  0  0  
32  13  0  0  
27  13  0  0  
25  13  0  0  
19  13  0  0  
18  13  0  0  
17  13  0  0  
16  13  0  0  
33  14  0  0  
32  14  0  0  
29  14  0  0  
28  14  0  0  
19  14  0  0  
18  14  0  0  
17  14  0  0  
16  14  0  0.9151293635  
15  14  0  1.358291626  
33  15  0  0  
30  15  0  0  
29  15  0  0  
26  15  0  0  
18  15  0  0  
17  15  0  0  
16  15  0  0.919613421  
15  15  0  0.9646738172  
14  15  0  0  
7  15  0  0  
30  16  0  0  
29  16  0  0  
26  16  0  1.526684642  
25  16  0  1.228962421  
17  16  0  0  
15  16  0  0.9214169979  
14  16  0  0.8456908464  
13  16  0  0  
26  17  0  0  
25  17  0  0  
16  17  0  0.933678925  
15  17  0  0.930619359  
14  17  0  0.8512753248  
13  17  0  0  
30  18  0  1.360932708  
25  18  0  0  
16  18  0  1.350018859  
15  18  0  0.9493318796  
14  18  0  1.132312536  
5  18  0  0  
25  19  0  1.507930517  
15  19  0  1.063012838  
14  19  0  1.134506702  
13  19  0  1.302299142  
5  19  0  0  
16  20  0  1.039065361  
15  20  0  0.9750016332  
14  20  0  1.011672974  
13  20  0  1.122272968  
29  21  0  0  
16  21  0  0.937674582  
15  21  0  0.9038739204  
14  21  0  0.9208146334  
13  21  0  0.9742600322  
27  22  0  0  
16  22  0  0.9193187356  
15  22  0  0.8972842693  
14  22  0  0.9711798429  
26  23  0  0  
23  23  0  0  
16  23  0  0.8966497183  
15  23  0  0.9438868761  
15  24  0  0  
