21  7  0  0  
32  12  0  0  
28  12  0  0  
23  12  0  0  
29  13  0  0  
28  13  0  0  
25  13  0  0  
23  13  0  0  
22  13  0  0  
18  13  0  0  
17  13  0  0  
33  14  0  0  
29  14  0  0  
18  14  0  0.7953035235  
17  14  0  0.8001847267  
29  15  0  0  
21  15  0  0  
18  15  0  0.8486551046  
17  15  0  0.8171492219  
16  15  0  0.8426547647  
10  15  0  0  
18  16  0  0.8375843167  
17  16  0  0.777068615  
16  16  0  0.9366471767  
15  16  0  0.8983100057  
14  16  0  0.9297987223  
13  16  0  0  
34  17  0  1.133327842  
30  17  0  0  
27  17  0  0  
26  17  0  0  
20  17  0  0.9505095482  
19  17  0  1.004790068  
18  17  0  0.8510984182  
17  17  0  1.000056624  
16  17  0  0.9307163954  
15  17  0  0.9801335335  
14  17  0  0.9320862293  
13  17  0  0.8102258444  
12  17  0  0  
11  17  0  0  
10  17  0  0  
27  18  0  0  
26  18  0  0  
22  18  0  0  
21  18  0  0.9753287435  
20  18  0  0.9873182774  
19  18  0  1.078583121  
18  18  0  1.123395443  
17  18  0  1.030170083  
16  18  0  0.926027596  
15  18  0  0.9274592996  
14  18  0  1.00605607  
13  18  0  1.052639842  
12  18  0  0  
11  18  0  0  
10  18  0  0  
27  19  0  0  
26  19  0  0  
21  19  0  1.057274103  
20  19  0  1.059954524  
19  19  0  1.089516997  
18  19  0  1.030673981  
17  19  0  0.9273231626  
16  19  0  0.8375977874  
15  19  0  0.8544641137  
14  19  0  0.9158126116  
13  19  0  0  
12  19  0  0  
31  20  0  0  
27  20  0  0  
26  20  0  0  
19  20  0  0  
16  20  0  0  
15  20  0  0.8530288339  
14  20  0  0.8794599175  
13  20  0  0  
12  20  0  0  
27  21  0  0  
26  21  0  0  
20  21  0  0  
18  21  0  0  
17  21  0  0  
16  21  0  0  
15  21  0  0  
14  21  0  0  
13  21  0  0  
18  22  0  0  
17  22  0  0  
16  22  0  0  
15  22  0  0  
14  22  0  0  
13  22  0  0  
12  22  0  0  
26  23  0  0  
20  23  0  0  
17  23  0  0  
16  23  0  0  
15  23  0  0  
13  23  0  0  
12  23  0  0  
18  24  0  0  
17  24  0  0  
16  24  0  0  
15  24  0  0  
14  24  0  0  
13  24  0  0  
21  31  0  0  
