21  7  0  0  
32  12  0  0  
28  12  0  0  
23  12  0  0  
29  13  0  0  
28  13  0  0  
25  13  0  0  
23  13  0  0  
22  13  0  0  
18  13  0  0  
17  13  0  0  
33  14  0  0  
29  14  0  0  
18  14  0  69.61482239  
17  14  0  97.73109436  
29  15  0  0  
21  15  0  0  
18  15  0  70.40444183  
17  15  0  107.4502945  
16  15  0  109.224205  
10  15  0  0  
18  16  0  65.95288086  
17  16  0  98.60901642  
16  16  0  81.41784668  
15  16  0  109.018219  
14  16  0  88.34181213  
13  16  0  0  
34  17  0  6.419077873  
30  17  0  0  
27  17  0  0  
26  17  0  0  
20  17  0  59.79415894  
19  17  0  44.7946701  
18  17  0  53.79465866  
17  17  0  43.49660492  
16  17  0  67.76525116  
15  17  0  90.37246704  
14  17  0  93.89019012  
13  17  0  65.83314514  
12  17  0  0  
11  17  0  0  
10  17  0  0  
27  18  0  0  
26  18  0  0  
22  18  0  0  
21  18  0  35.43525314  
20  18  0  53.41915131  
19  18  0  35.36876297  
18  18  0  26.05444145  
17  18  0  35.03534698  
16  18  0  57.58669281  
15  18  0  84.00746918  
14  18  0  65.99978638  
13  18  0  30.36101532  
12  18  0  0  
11  18  0  0  
10  18  0  0  
27  19  0  0  
26  19  0  0  
21  19  0  18.99738884  
20  19  0  28.8580761  
19  19  0  22.78322029  
18  19  0  25.74017906  
17  19  0  38.11208725  
16  19  0  55.97155762  
15  19  0  72.88214111  
14  19  0  53.69155884  
13  19  0  0  
12  19  0  0  
31  20  0  0  
27  20  0  0  
26  20  0  0  
19  20  0  0  
16  20  0  0  
15  20  0  43.61758423  
14  20  0  31.38237  
13  20  0  0  
12  20  0  0  
27  21  0  0  
26  21  0  0  
20  21  0  0  
18  21  0  0  
17  21  0  0  
16  21  0  0  
15  21  0  0  
14  21  0  0  
13  21  0  0  
18  22  0  0  
17  22  0  0  
16  22  0  0  
15  22  0  0  
14  22  0  0  
13  22  0  0  
12  22  0  0  
26  23  0  0  
20  23  0  0  
17  23  0  0  
16  23  0  0  
15  23  0  0  
13  23  0  0  
12  23  0  0  
18  24  0  0  
17  24  0  0  
16  24  0  0  
15  24  0  0  
14  24  0  0  
13  24  0  0  
21  31  0  0  
