21  7  0  0  
32  12  0  0  
28  12  0  0  
23  12  0  0  
29  13  0  0  
28  13  0  1.463026166  
25  13  0  0  
23  13  0  0  
22  13  0  0  
18  13  0  0  
17  13  0  0  
33  14  0  0  
29  14  0  0  
18  14  0  1.053827167  
17  14  0  1.070459485  
29  15  0  0  
21  15  0  0  
18  15  0  1.38866961  
17  15  0  1.072687745  
16  15  0  0.9775372744  
10  15  0  0  
18  16  0  1.069190741  
17  16  0  1.042381763  
16  16  0  0.9640161395  
15  16  0  0.9894860387  
14  16  0  1.024112463  
13  16  0  0.9676575065  
34  17  0  0  
30  17  0  0  
27  17  0  0  
26  17  0  0  
20  17  0  0.7816342115  
19  17  0  0.8769930005  
18  17  0  1.046634078  
17  17  0  0.8928085566  
16  17  0  0.8594303727  
15  17  0  0.9699618816  
14  17  0  1.028139591  
13  17  0  1.046475649  
12  17  0  0  
11  17  0  0  
10  17  0  0  
27  18  0  0  
26  18  0  0  
22  18  0  0  
21  18  0  1.194539428  
20  18  0  0.8691869378  
19  18  0  0.923376441  
18  18  0  1.210541725  
17  18  0  0  
16  18  0  0.8083834052  
15  18  0  0.9474526048  
14  18  0  1.033716917  
13  18  0  1.311247706  
12  18  0  0  
11  18  0  0  
10  18  0  0  
27  19  0  0  
26  19  0  0  
21  19  0  0  
20  19  0  1.275371313  
19  19  0  1.30328989  
18  19  0  1.221597433  
17  19  0  1.004421711  
16  19  0  0.9842329621  
15  19  0  0.8885996938  
14  19  0  0.9187419415  
13  19  0  1.283396602  
12  19  0  0  
31  20  0  0  
27  20  0  0  
26  20  0  0  
19  20  0  1.341121435  
16  20  0  0  
15  20  0  0  
14  20  0  0  
13  20  0  0  
12  20  0  0  
27  21  0  0  
26  21  0  0.9292920828  
20  21  0  0  
18  21  0  0  
17  21  0  0  
16  21  0  0  
15  21  0  0  
14  21  0  0  
13  21  0  0  
18  22  0  0  
17  22  0  0  
16  22  0  0  
15  22  0  0  
14  22  0  0  
13  22  0  0  
12  22  0  0  
26  23  0  0  
20  23  0  0  
17  23  0  0  
16  23  0  0  
15  23  0  0  
13  23  0  0  
12  23  0  0  
18  24  0  0  
17  24  0  0  
16  24  0  0  
15  24  0  0  
14  24  0  0  
13  24  0  0  
21  31  0  0  
