21  7  0  0  
32  12  0  0  
28  12  0  0  
23  12  0  0  
29  13  0  0  
28  13  0  141.5110474  
25  13  0  0  
23  13  0  0  
22  13  0  0  
18  13  0  0  
17  13  0  0  
33  14  0  0  
29  14  0  0  
18  14  0  1316.170044  
17  14  0  1307.782715  
29  15  0  0  
21  15  0  0  
18  15  0  747.2298584  
17  15  0  1273.918091  
16  15  0  1459.162109  
10  15  0  0  
18  16  0  1226.877686  
17  16  0  1305.98877  
16  16  0  1447.246094  
15  16  0  1415.860962  
14  16  0  1389.196533  
13  16  0  1492.334961  
34  17  0  0  
30  17  0  0  
27  17  0  0  
26  17  0  0  
20  17  0  2079.315674  
19  17  0  1642.004028  
18  17  0  1237.553589  
17  17  0  1632.303467  
16  17  0  1719.688354  
15  17  0  1413.690308  
14  17  0  1340.680298  
13  17  0  1265.517212  
12  17  0  0  
11  17  0  0  
10  17  0  0  
27  18  0  0  
26  18  0  0  
22  18  0  0  
21  18  0  815.9034424  
20  18  0  1643.995239  
19  18  0  1460.604492  
18  18  0  803.7130737  
17  18  0  0  
16  18  0  1860.045532  
15  18  0  1413.036987  
14  18  0  1279.870605  
13  18  0  776.9232788  
12  18  0  0  
11  18  0  0  
10  18  0  0  
27  19  0  0  
26  19  0  0  
21  19  0  0  
20  19  0  767.2728882  
19  19  0  726.2333984  
18  19  0  759.9830933  
17  19  0  1038.365356  
16  19  0  1088.971924  
15  19  0  1554.467041  
14  19  0  1534.754639  
13  19  0  727.8203125  
12  19  0  0  
31  20  0  0  
27  20  0  0  
26  20  0  0  
19  20  0  662.1624146  
16  20  0  0  
15  20  0  0  
14  20  0  0  
13  20  0  0  
12  20  0  0  
27  21  0  0  
26  21  0  264.1564636  
20  21  0  0  
18  21  0  0  
17  21  0  0  
16  21  0  0  
15  21  0  0  
14  21  0  0  
13  21  0  0  
18  22  0  0  
17  22  0  0  
16  22  0  0  
15  22  0  0  
14  22  0  0  
13  22  0  0  
12  22  0  0  
26  23  0  0  
20  23  0  0  
17  23  0  0  
16  23  0  0  
15  23  0  0  
13  23  0  0  
12  23  0  0  
18  24  0  0  
17  24  0  0  
16  24  0  0  
15  24  0  0  
14  24  0  0  
13  24  0  0  
21  31  0  0  
