17  14  0  0  
16  14  0  1.01974678  
17  15  0  0  
16  15  0  0.9081411362  
15  15  0  0  
18  16  0  0  
17  16  0  0  
16  16  0  0.8414715528  
15  16  0  0.8712239861  
14  16  0  0  
26  17  0  0  
20  17  0  0  
19  17  0  0  
18  17  0  0  
17  17  0  0.80252105  
16  17  0  0.812713623  
15  17  0  0.8875082731  
14  17  0  0.9507562518  
20  18  0  0  
19  18  0  0  
18  18  0  0  
17  18  0  0.8471514583  
16  18  0  0.8642145991  
15  18  0  0.912720561  
14  18  0  0.9837321639  
20  19  0  0  
19  19  0  1.020018935  
18  19  0  0.9314826131  
17  19  0  0  
16  19  0  0.823992908  
15  19  0  0.8385735154  
14  19  0  0.8889697194  
19  20  0  0  
18  20  0  0.898005724  
17  20  0  0.8303091526  
16  20  0  0  
15  20  0  0  
14  20  0  0.7779806256  
18  21  0  0.9221205115  
17  21  0  0.9625340104  
16  21  0  0.7971965671  
15  21  0  0  
14  21  0  0  
18  22  0  0  
17  22  0  0.9439611435  
