17  14  0  0  
16  14  0  32.98884583  
17  15  0  0  
16  15  0  76.44203186  
15  15  0  0  
18  16  0  0  
17  16  0  0  
16  16  0  110.3271103  
15  16  0  103.3750839  
14  16  0  0  
26  17  0  0  
20  17  0  0  
19  17  0  0  
18  17  0  0  
17  17  0  77.32057953  
16  17  0  99.74663544  
15  17  0  108.7353363  
14  17  0  103.5844345  
20  18  0  0  
19  18  0  0  
18  18  0  0  
17  18  0  54.81942368  
16  18  0  70.84063721  
15  18  0  94.29585266  
14  18  0  97.72254944  
20  19  0  0  
19  19  0  27.39547348  
18  19  0  33.65104294  
17  19  0  0  
16  19  0  64.19609833  
15  19  0  93.67462921  
14  19  0  96.31898499  
19  20  0  0  
18  20  0  34.56615829  
17  20  0  45.24739456  
16  20  0  0  
15  20  0  0  
14  20  0  87.95986176  
18  21  0  32.54255295  
17  21  0  32.9511261  
16  21  0  46.82499313  
15  21  0  0  
14  21  0  0  
18  22  0  0  
17  22  0  28.79067993  
