17  14  0  0  
16  14  0  1500.092651  
17  15  0  0  
16  15  0  1887.376709  
15  15  0  0  
18  16  0  0  
17  16  0  0  
16  16  0  2190.147705  
15  16  0  2038.998047  
14  16  0  0  
26  17  0  0  
20  17  0  0  
19  17  0  0  
18  17  0  0  
17  17  0  2391.00415  
16  17  0  2309.435059  
15  17  0  1948.718384  
14  17  0  1745.873169  
20  18  0  0  
19  18  0  0  
18  18  0  0  
17  18  0  2083.952881  
16  18  0  1978.054932  
15  18  0  1803.913208  
14  18  0  1614.998535  
20  19  0  0  
19  19  0  1419.106689  
18  19  0  1693.784058  
17  19  0  0  
16  19  0  2134.19458  
15  19  0  2057.536133  
14  19  0  1852.235962  
19  20  0  0  
18  20  0  1706.980591  
17  20  0  2006.694458  
16  20  0  0  
15  20  0  0  
14  20  0  2335.211182  
18  21  0  1558.129517  
17  21  0  1420.347168  
16  21  0  2059.403076  
15  21  0  0  
14  21  0  0  
18  22  0  0  
17  22  0  1420.089722  
