22  9  0  0  
28  11  0  0  
22  11  0  0  
19  11  0  0  
27  12  0  0  
22  12  0  0  
20  12  0  0.8907423019  
19  12  0  0  
29  13  0  0  
28  13  0  0  
27  13  0  0  
22  13  0  0  
21  13  0  1.0283916  
20  13  0  0.9741665721  
19  13  0  0.9020360112  
18  13  0  0.8392136097  
17  13  0  0  
29  14  0  0  
28  14  0  0  
27  14  0  0  
26  14  0  0  
22  14  0  0  
21  14  0  0  
20  14  0  1.064428329  
19  14  0  0.9901787043  
18  14  0  0.9037996531  
17  14  0  0  
16  14  0  0  
15  14  0  0  
23  15  0  1.364517689  
22  15  0  0  
21  15  0  0  
20  15  0  1.056087136  
19  15  0  0.8936297297  
18  15  0  0.9025687575  
17  15  0  0  
16  15  0  0  
28  16  0  0  
23  16  0  0  
22  16  0  0  
21  16  0  0  
20  16  0  0  
19  16  0  0  
18  16  0  0  
17  16  0  0  
16  16  0  0.860370934  
15  16  0  0  
14  16  0  0  
22  17  0  0  
21  17  0  1.641828656  
20  17  0  0  
18  17  0  0  
17  17  0  0  
16  17  0  0  
15  17  0  0  
28  18  0  0  
27  18  0  0  
21  18  0  1.348511338  
19  18  0  0  
18  18  0  0  
17  18  0  0  
16  18  0  0  
28  19  0  0  
27  19  0  0  
21  19  0  0  
28  20  0  0  
27  20  0  0  
29  21  0  0  
28  21  0  0  
23  21  0  0  
18  21  0  0  
30  22  0  0  
29  22  0  0  
25  22  0  0  
24  22  0  0  
31  23  0  0  
30  23  0  0  
29  23  0  0  
27  23  0  0  
25  23  0  0  
24  23  0  1.278487444  
23  23  0  0  
18  23  0  0  
30  24  0  0  
29  24  0  0  
28  24  0  0  
27  24  0  0  
26  24  0  0  
25  24  0  0  
24  24  0  0  
20  30  0  0  
