22  9  0  0  
28  11  0  0  
22  11  0  0  
19  11  0  0  
27  12  0  0  
22  12  0  0  
20  12  0  62.81301498  
19  12  0  0  
29  13  0  0  
28  13  0  0  
27  13  0  0  
22  13  0  0  
21  13  0  60.93026733  
20  13  0  77.19784546  
19  13  0  75.30673218  
18  13  0  57.68558884  
17  13  0  0  
29  14  0  0  
28  14  0  0  
27  14  0  0  
26  14  0  0  
22  14  0  0  
21  14  0  0  
20  14  0  60.00357056  
19  14  0  69.1371994  
18  14  0  72.30761719  
17  14  0  0  
16  14  0  0  
15  14  0  0  
23  15  0  11.26731682  
22  15  0  0  
21  15  0  0  
20  15  0  47.54301071  
19  15  0  67.65918732  
18  15  0  72.97112274  
17  15  0  0  
16  15  0  0  
28  16  0  0  
23  16  0  0  
22  16  0  0  
21  16  0  0  
20  16  0  0  
19  16  0  0  
18  16  0  0  
17  16  0  0  
16  16  0  56.47608948  
15  16  0  0  
14  16  0  0  
22  17  0  0  
21  17  0  10.7211628  
20  17  0  0  
18  17  0  0  
17  17  0  0  
16  17  0  0  
15  17  0  0  
28  18  0  0  
27  18  0  0  
21  18  0  9.980181694  
19  18  0  0  
18  18  0  0  
17  18  0  0  
16  18  0  0  
28  19  0  0  
27  19  0  0  
21  19  0  0  
28  20  0  0  
27  20  0  0  
29  21  0  0  
28  21  0  0  
23  21  0  0  
18  21  0  0  
30  22  0  0  
29  22  0  0  
25  22  0  0  
24  22  0  0  
31  23  0  0  
30  23  0  0  
29  23  0  0  
27  23  0  0  
25  23  0  0  
24  23  0  8.635689735  
23  23  0  0  
18  23  0  0  
30  24  0  0  
29  24  0  0  
28  24  0  0  
27  24  0  0  
26  24  0  0  
25  24  0  0  
24  24  0  0  
20  30  0  0  
