22  9  0  0  
28  11  0  0  
22  11  0  0  
19  11  0  0  
27  12  0  0  
22  12  0  0  
20  12  0  0.8791350722  
19  12  0  0.8772487044  
29  13  0  0  
28  13  0  0  
27  13  0  0  
22  13  0  0.8114183545  
21  13  0  0.8578548431  
20  13  0  0.9203746915  
19  13  0  0.9250568151  
18  13  0  0.9406712651  
17  13  0  0  
29  14  0  0  
28  14  0  0  
27  14  0  0  
26  14  0  0  
22  14  0  0.8161382675  
21  14  0  0.8748175502  
20  14  0  0.9504703283  
19  14  0  0.9609537125  
18  14  0  0.9429388046  
17  14  0  0.9010527134  
16  14  0  0  
15  14  0  0  
23  15  0  0  
22  15  0  0  
21  15  0  0.9461643696  
20  15  0  1.004261851  
19  15  0  0.9416278005  
18  15  0  0.8998556137  
17  15  0  0.9459627867  
16  15  0  0.9483428001  
28  16  0  0  
23  16  0  0  
22  16  0  0  
21  16  0  0  
20  16  0  0  
19  16  0  0.9258739948  
18  16  0  0.897572577  
17  16  0  0.9144687653  
16  16  0  0.9122768044  
15  16  0  0  
14  16  0  0  
22  17  0  0  
21  17  0  0  
20  17  0  0  
18  17  0  0  
17  17  0  0.8489832282  
16  17  0  0.8707669973  
15  17  0  0  
28  18  0  0  
27  18  0  0  
21  18  0  0  
19  18  0  0  
18  18  0  0  
17  18  0  0  
16  18  0  0  
28  19  0  0  
27  19  0  0  
21  19  0  0  
28  20  0  0  
27  20  0  0  
29  21  0  0  
28  21  0  0  
23  21  0  0  
18  21  0  0  
30  22  0  0  
29  22  0  1.41612947  
25  22  0  0  
24  22  0  0  
31  23  0  0  
30  23  0  0  
29  23  0  0  
27  23  0  0  
25  23  0  0  
24  23  0  0  
23  23  0  0  
18  23  0  0  
30  24  0  0  
29  24  0  0  
28  24  0  0  
27  24  0  0  
26  24  0  0  
25  24  0  0  
24  24  0  0  
20  30  0  0  
