27  12  0  16.39296913  
21  12  0  56.28439713  
20  12  0  38.25758743  
28  13  0  21.12506104  
27  13  0  22.32098389  
26  13  0  0  
22  13  0  54.59546661  
21  13  0  68.08288574  
20  13  0  48.95612335  
19  13  0  42.94151306  
18  13  0  35.9812088  
28  14  0  0  
27  14  0  0  
23  14  0  0  
22  14  0  46.72593307  
21  14  0  49.93869781  
20  14  0  49.26909637  
19  14  0  43.51420975  
18  14  0  50.82910156  
17  14  0  44.28894806  
22  15  0  46.79969788  
21  15  0  43.91411591  
20  15  0  29.10660744  
19  15  0  33.42994308  
18  15  0  46.29104614  
17  15  0  51.59218216  
16  15  0  37.51178741  
22  16  0  23.40721893  
21  16  0  23.46466827  
20  16  0  17.13062859  
19  16  0  23.68663788  
18  16  0  35.01195526  
17  16  0  41.72483826  
16  16  0  36.45911026  
21  17  0  17.66588593  
18  17  0  22.00167656  
17  17  0  26.74059105  
16  17  0  23.20502472  
27  18  0  0  
21  18  0  0  
16  18  0  0  
27  19  0  28.902174  
28  20  0  30.71011353  
27  20  0  32.59025574  
