27  12  0  688.059082  
21  12  0  1278.538208  
20  12  0  707.9870605  
28  13  0  768.8877563  
27  13  0  860.703125  
26  13  0  0  
22  13  0  1769.513306  
21  13  0  1354.10376  
20  13  0  756.7144165  
19  13  0  725.2626343  
18  13  0  839.4255981  
28  14  0  0  
27  14  0  0  
23  14  0  0  
22  14  0  1752.570068  
21  14  0  1281.382812  
20  14  0  1049.738037  
19  14  0  802.2058716  
18  14  0  938.6420288  
17  14  0  923.4518433  
22  15  0  1946.192871  
21  15  0  1366.089355  
20  15  0  769.9641113  
19  15  0  787.7782593  
18  15  0  925.1116333  
17  15  0  954.1046143  
16  15  0  968.3970947  
22  16  0  994.2075195  
21  16  0  873.1607056  
20  16  0  673.0924683  
19  16  0  775.9822388  
18  16  0  890.921936  
17  16  0  908.6374512  
16  16  0  971.7384644  
21  17  0  747.7025146  
18  17  0  843.4914551  
17  17  0  807.4651489  
16  17  0  768.2139282  
27  18  0  0  
21  18  0  0  
16  18  0  0  
27  19  0  988.6429443  
28  20  0  1022.133057  
27  20  0  1122.020386  
