27  12  0  0  
21  12  0  53.10411453  
20  12  0  62.81301498  
28  13  0  0  
27  13  0  0  
26  13  0  0  
22  13  0  0  
21  13  0  60.93026733  
20  13  0  77.19784546  
19  13  0  75.30673218  
18  13  0  57.68558884  
28  14  0  0  
27  14  0  0  
23  14  0  10.68245125  
22  14  0  0  
21  14  0  0  
20  14  0  60.00357056  
19  14  0  69.1371994  
18  14  0  72.30761719  
17  14  0  0  
22  15  0  0  
21  15  0  0  
20  15  0  47.54301071  
19  15  0  67.65918732  
18  15  0  72.97112274  
17  15  0  0  
16  15  0  0  
22  16  0  0  
21  16  0  0  
20  16  0  0  
19  16  0  0  
18  16  0  0  
17  16  0  0  
16  16  0  56.47608948  
21  17  0  10.7211628  
18  17  0  0  
17  17  0  0  
16  17  0  0  
27  18  0  0  
21  18  0  9.980181694  
16  18  0  0  
27  19  0  0  
28  20  0  0  
27  20  0  0  
