27  12  0  0  
21  12  0  2156.813965  
20  12  0  1847.510986  
28  13  0  0  
27  13  0  0  
26  13  0  0  
22  13  0  2197.467285  
21  13  0  1963.080444  
20  13  0  1706.37207  
19  13  0  1694.393188  
18  13  0  1647.028198  
28  14  0  0  
27  14  0  0  
23  14  0  0  
22  14  0  2097.438232  
21  14  0  1854.576904  
20  14  0  1616.921021  
19  14  0  1595.218262  
18  14  0  1619.99646  
17  14  0  1719.516235  
22  15  0  0  
21  15  0  1557.195435  
20  15  0  1472.768677  
19  15  0  1654.884399  
18  15  0  1759.076416  
17  15  0  1561.327148  
16  15  0  1484.663696  
22  16  0  0  
21  16  0  0  
20  16  0  0  
19  16  0  1640.114624  
18  16  0  1727.333496  
17  16  0  1654.905518  
16  16  0  1608.088379  
21  17  0  0  
18  17  0  0  
17  17  0  1865.531738  
16  17  0  1754.066772  
27  18  0  0  
21  18  0  0  
16  18  0  0  
27  19  0  0  
28  20  0  0  
27  20  0  0  
