26  7  0  0  
29  8  0  0  
27  9  0  1.02243042  
26  9  0  0.9791722298  
25  9  0  0  
24  9  0  0  
27  10  0  1.20986104  
26  10  0  1.040269613  
25  10  0  0.8893805146  
27  11  0  1.288450718  
26  11  0  1.220090151  
27  12  0  0  
26  12  0  0  
25  12  0  0  
19  12  0  0  
18  12  0  0  
17  12  0  0  
27  13  0  0  
26  13  0  0  
19  13  0  0  
18  13  0  0.8832504153  
17  13  0  1.057771087  
18  14  0  1.003433466  
17  14  0  1.090486407  
18  15  0  0.899626255  
17  15  0  0.9196898937  
18  16  0  0  
17  16  0  0  
