26  7  0  0  
29  8  0  0  
27  9  0  30.01239777  
26  9  0  41.50269318  
25  9  0  0  
24  9  0  0  
27  10  0  23.80345154  
26  10  0  41.35876465  
25  10  0  42.342659  
27  11  0  21.4911499  
26  11  0  29.87689209  
27  12  0  0  
26  12  0  0  
25  12  0  0  
19  12  0  0  
18  12  0  0  
17  12  0  0  
27  13  0  0  
26  13  0  0  
19  13  0  0  
18  13  0  64.84520721  
17  13  0  32.40036392  
18  14  0  38.20973206  
17  14  0  28.73462486  
18  15  0  36.07735443  
17  15  0  33.66818237  
18  16  0  0  
17  16  0  0  
