26  7  0  0  
29  8  0  0  
27  9  0  1343.771484  
26  9  0  1421.781616  
25  9  0  0  
24  9  0  0  
27  10  0  1087.358765  
26  10  0  1332.768799  
25  10  0  1734.93335  
27  11  0  1052.005005  
26  11  0  1099.684814  
27  12  0  0  
26  12  0  0  
25  12  0  0  
19  12  0  0  
18  12  0  0  
17  12  0  0  
27  13  0  0  
26  13  0  0  
19  13  0  0  
18  13  0  1886.544312  
17  13  0  1393.768311  
18  14  0  1495.171997  
17  14  0  1368.239868  
18  15  0  1757.973267  
17  15  0  1788.691528  
18  16  0  0  
17  16  0  0  
