21  8  0  0  
24  9  0  0  
23  9  0  0  
22  9  0  0  
21  9  0  0  
13  9  0  0  
23  10  0  0  
27  12  0  0  
25  12  0  0  
32  13  0  0  
27  13  0  1.124861479  
25  13  0  0  
19  13  0  0  
18  13  0  0  
17  13  0  0  
16  13  0  1.128592372  
33  14  0  0  
32  14  0  0  
29  14  0  0  
28  14  0  0  
19  14  0  0  
18  14  0  0.852017045  
17  14  0  0.9577279687  
16  14  0  1.033434629  
15  14  0  1.01440227  
33  15  0  0  
30  15  0  0  
29  15  0  0  
26  15  0  0  
18  15  0  0  
17  15  0  0  
16  15  0  1.013747692  
15  15  0  1.017517567  
14  15  0  0  
7  15  0  0  
30  16  0  0  
29  16  0  0  
26  16  0  0  
25  16  0  0  
17  16  0  0  
15  16  0  1.023869991  
14  16  0  0.9803975224  
13  16  0  0  
26  17  0  0  
25  17  0  0  
16  17  0  1.063029528  
15  17  0  1.042257309  
14  17  0  0.9973403811  
13  17  0  0  
30  18  0  0  
25  18  0  0  
16  18  0  1.143743515  
15  18  0  1.072481275  
14  18  0  0.9910641313  
5  18  0  0  
25  19  0  0  
15  19  0  1.091331124  
14  19  0  1.010329962  
13  19  0  0.9242796302  
5  19  0  0  
16  20  0  1.01037693  
15  20  0  1.02013278  
14  20  0  1.00165832  
13  20  0  0.9566313028  
29  21  0  0  
16  21  0  0.9446470141  
15  21  0  0.9556795955  
14  21  0  0.9960547686  
13  21  0  0  
27  22  0  0  
16  22  0  0.94902879  
15  22  0  0.9082019329  
14  22  0  0.946353972  
26  23  0  0  
23  23  0  0  
16  23  0  0.9612290263  
15  23  0  0.9001436234  
15  24  0  0  
