21  8  0  0  
24  9  0  0  
23  9  0  0  
22  9  0  0  
21  9  0  0  
13  9  0  0  
23  10  0  0  
27  12  0  0  
25  12  0  0  
32  13  0  0  
27  13  0  223.3997803  
25  13  0  0  
19  13  0  0  
18  13  0  0  
17  13  0  0  
16  13  0  764.6607056  
33  14  0  0  
32  14  0  0  
29  14  0  0  
28  14  0  0  
19  14  0  0  
18  14  0  1797.147095  
17  14  0  1380.522339  
16  14  0  981.2319946  
15  14  0  933.5096436  
33  15  0  0  
30  15  0  0  
29  15  0  0  
26  15  0  0  
18  15  0  0  
17  15  0  0  
16  15  0  1015.484314  
15  15  0  968.8120728  
14  15  0  0  
7  15  0  0  
30  16  0  0  
29  16  0  0  
26  16  0  0  
25  16  0  0  
17  16  0  0  
15  16  0  953.1444092  
14  16  0  1034.556274  
13  16  0  0  
26  17  0  0  
25  17  0  0  
16  17  0  858.5760498  
15  17  0  892.6702271  
14  17  0  974.2783813  
13  17  0  0  
30  18  0  0  
25  18  0  0  
16  18  0  695.3128662  
15  18  0  764.8278809  
14  18  0  909.9360962  
5  18  0  0  
25  19  0  0  
15  19  0  643.6921387  
14  19  0  811.1464233  
13  19  0  1033.887451  
5  19  0  0  
16  20  0  716.4202881  
15  20  0  708.4686279  
14  20  0  805.5187988  
13  20  0  938.795105  
29  21  0  0  
16  21  0  806.2915039  
15  21  0  803.9672852  
14  21  0  799.326355  
13  21  0  0  
27  22  0  0  
16  22  0  755.0217285  
15  22  0  850.9190674  
14  22  0  859.447876  
26  23  0  0  
23  23  0  0  
16  23  0  714.041748  
15  23  0  791.3967896  
15  24  0  0  
