21  8  0  0  
24  9  0  0  
23  9  0  0  
22  9  0  0  
21  9  0  0  
13  9  0  0  
23  10  0  0  
27  12  0  0  
25  12  0  0  
32  13  0  0  
27  13  0  0  
25  13  0  0  
19  13  0  0  
18  13  0  0  
17  13  0  0  
16  13  0  0  
33  14  0  0  
32  14  0  0  
29  14  0  0  
28  14  0  0  
19  14  0  0  
18  14  0  0  
17  14  0  50.60709381  
16  14  0  54.449543  
15  14  0  0  
33  15  0  0  
30  15  0  0  
29  15  0  0  
26  15  0  0  
18  15  0  0  
17  15  0  43.46695328  
16  15  0  63.75491333  
15  15  0  57.98519516  
14  15  0  0  
7  15  0  0  
30  16  0  0  
29  16  0  0  
26  16  0  0  
25  16  0  0  
17  16  0  0  
15  16  0  68.01334381  
14  16  0  45.46804428  
13  16  0  0  
26  17  0  0  
25  17  0  0  
16  17  0  0  
15  17  0  62.17576981  
14  17  0  58.38687515  
13  17  0  0  
30  18  0  0  
25  18  0  0  
16  18  0  0  
15  18  0  33.20470047  
14  18  0  64.35713959  
5  18  0  0  
25  19  0  0  
15  19  0  42.91095734  
14  19  0  72.19304657  
13  19  0  0  
5  19  0  0  
16  20  0  34.80627441  
15  20  0  62.46783829  
14  20  0  57.22150803  
13  20  0  0  
29  21  0  0  
16  21  0  50.98433685  
15  21  0  77.50823212  
14  21  0  55.21521759  
13  21  0  0  
27  22  0  0  
16  22  0  47.31419754  
15  22  0  60.21318436  
14  22  0  35.2706871  
26  23  0  0  
23  23  0  0  
16  23  0  35.1793251  
15  23  0  37.85647583  
15  24  0  0  
