21  8  0  0  
24  9  0  0  
23  9  0  0  
22  9  0  0  
21  9  0  0  
13  9  0  0  
23  10  0  0  
27  12  0  0  
25  12  0  0  
32  13  0  0  
27  13  0  0  
25  13  0  0  
19  13  0  0  
18  13  0  0  
17  13  0  0  
16  13  0  0  
33  14  0  0  
32  14  0  0  
29  14  0  0  
28  14  0  0  
19  14  0  0  
18  14  0  0  
17  14  0  0  
16  14  0  48.29573059  
15  14  0  17.40589905  
33  15  0  0  
30  15  0  0  
29  15  0  0  
26  15  0  0  
18  15  0  0  
17  15  0  0  
16  15  0  71.66226959  
15  15  0  56.00457382  
14  15  0  0  
7  15  0  0  
30  16  0  0  
29  16  0  0  
26  16  0  5.886077404  
25  16  0  6.72452116  
17  16  0  0  
15  16  0  80.97544861  
14  16  0  50.02848816  
13  16  0  0  
26  17  0  0  
25  17  0  0  
16  17  0  51.84515762  
15  17  0  72.11405182  
14  17  0  56.78404236  
13  17  0  0  
30  18  0  4.502334118  
25  18  0  0  
16  18  0  17.85932922  
15  18  0  52.60335541  
14  18  0  32.21733475  
5  18  0  0  
25  19  0  5.978091717  
15  19  0  42.53874969  
14  19  0  40.57899857  
13  19  0  18.22670937  
5  19  0  0  
16  20  0  25.96998215  
15  20  0  57.35142136  
14  20  0  55.00509262  
13  20  0  23.78639793  
29  21  0  0  
16  21  0  39.22668457  
15  21  0  63.13203812  
14  21  0  50.12281036  
13  21  0  20.75593758  
27  22  0  0  
16  22  0  43.39242172  
15  22  0  49.44558334  
14  22  0  28.5714283  
26  23  0  0  
23  23  0  0  
16  23  0  33.76683426  
15  23  0  27.73497963  
15  24  0  0  
