21  8  0  0  
24  9  0  0  
23  9  0  0  
22  9  0  0  
21  9  0  0  
13  9  0  0  
23  10  0  0  
27  12  0  0  
25  12  0  0  
32  13  0  0  
27  13  0  0  
25  13  0  0  
19  13  0  0  
18  13  0  0  
17  13  0  0  
16  13  0  0  
33  14  0  0  
32  14  0  0  
29  14  0  0  
28  14  0  0  
19  14  0  0  
18  14  0  0  
17  14  0  0  
16  14  0  1580.289185  
15  14  0  725.9273682  
33  15  0  0  
30  15  0  0  
29  15  0  0  
26  15  0  0  
18  15  0  0  
17  15  0  0  
16  15  0  1546.278687  
15  15  0  1408.221436  
14  15  0  0  
7  15  0  0  
30  16  0  0  
29  16  0  0  
26  16  0  180.7834473  
25  16  0  173.8044128  
17  16  0  0  
15  16  0  1519.403931  
14  16  0  1786.80896  
13  16  0  0  
26  17  0  0  
25  17  0  0  
16  17  0  1537.185059  
15  17  0  1493.567383  
14  17  0  1781.47583  
13  17  0  0  
30  18  0  136.7526245  
25  18  0  0  
16  18  0  712.4880981  
15  18  0  1377.34436  
14  18  0  911.0981445  
5  18  0  0  
25  19  0  173.0026398  
15  19  0  921.8803711  
14  19  0  847.3118896  
13  19  0  657.3845215  
5  19  0  0  
16  20  0  836.0073242  
15  20  0  1005.350159  
14  20  0  978.1438599  
13  20  0  770.0349731  
29  21  0  0  
16  21  0  978.7495117  
15  21  0  1098.352417  
14  21  0  1089.278442  
13  21  0  853.0338745  
27  22  0  0  
16  22  0  1038.784546  
15  22  0  1083.13623  
14  22  0  933.0327148  
26  23  0  0  
23  23  0  0  
16  23  0  1069.067505  
15  23  0  962.6340332  
15  24  0  0  
