21  7  0  0  
32  12  0  0  
28  12  0  0  
23  12  0  0  
29  13  0  0  
28  13  0  0  
25  13  0  0  
23  13  0  0  
22  13  0  0  
18  13  0  0  
17  13  0  0  
33  14  0  0  
29  14  0  0  
18  14  0  0.8830497265  
17  14  0  0.9291603565  
29  15  0  0  
21  15  0  0  
18  15  0  0.9012311101  
17  15  0  0.9328719974  
16  15  0  0.9104315639  
10  15  0  0  
18  16  0  1.00046742  
17  16  0  0.9386159182  
16  16  0  0.9201043844  
15  16  0  0.9275848269  
14  16  0  0.9367645383  
13  16  0  0.8740860224  
34  17  0  0  
30  17  0  0  
27  17  0  0  
26  17  0  0  
20  17  0  0.9047521949  
19  17  0  1.116597533  
18  17  0  1.111153245  
17  17  0  0.9339553714  
16  17  0  0.8913241029  
15  17  0  0.933252573  
14  17  0  0.9622977972  
13  17  0  0.9331613183  
12  17  0  0  
11  17  0  0  
10  17  0  0  
27  18  0  0  
26  18  0  0  
22  18  0  0  
21  18  0  0  
20  18  0  0.8824571967  
19  18  0  1.004363775  
18  18  0  1.173240066  
17  18  0  0.9718188643  
16  18  0  0.8714010119  
15  18  0  0.8985465765  
14  18  0  0.9192529321  
13  18  0  0.9401190281  
12  18  0  0  
11  18  0  0  
10  18  0  0  
27  19  0  0  
26  19  0  0  
21  19  0  0  
20  19  0  0.7837626338  
19  19  0  0.9180630445  
18  19  0  1.33437252  
17  19  0  1.005810142  
16  19  0  0.9006642103  
15  19  0  0.8868329525  
14  19  0  0.8335697651  
13  19  0  0  
12  19  0  0  
31  20  0  0  
27  20  0  0  
26  20  0  0  
19  20  0  0  
16  20  0  1.080080867  
15  20  0  0  
14  20  0  0  
13  20  0  0  
12  20  0  0  
27  21  0  0  
26  21  0  0  
20  21  0  0  
18  21  0  1.044499159  
17  21  0  1.061294794  
16  21  0  0  
15  21  0  0  
14  21  0  0  
13  21  0  0  
18  22  0  1.147650838  
17  22  0  0  
16  22  0  0  
15  22  0  0  
14  22  0  0  
13  22  0  0  
12  22  0  0  
26  23  0  0  
20  23  0  0  
17  23  0  0  
16  23  0  0  
15  23  0  0  
13  23  0  0  
12  23  0  0  
18  24  0  1.190516949  
17  24  0  0  
16  24  0  0  
15  24  0  0  
14  24  0  0  
13  24  0  0  
21  31  0  0  
