21  7  0  0  
32  12  0  0  
28  12  0  0  
23  12  0  0  
29  13  0  0  
28  13  0  0  
25  13  0  0  
23  13  0  0  
22  13  0  0  
18  13  0  0  
17  13  0  0  
33  14  0  0  
29  14  0  0  
18  14  0  54.98207092  
17  14  0  67.64128876  
29  15  0  0  
21  15  0  0  
18  15  0  66.86535645  
17  15  0  85.07234955  
16  15  0  91.97332764  
10  15  0  0  
18  16  0  53.24361801  
17  16  0  74.04956055  
16  16  0  89.94046021  
15  16  0  103.2943344  
14  16  0  89.08381653  
13  16  0  53.71164703  
34  17  0  0  
30  17  0  0  
27  17  0  0  
26  17  0  0  
20  17  0  62.90437698  
19  17  0  38.85739136  
18  17  0  35.94157791  
17  17  0  56.87105942  
16  17  0  83.15881348  
15  17  0  107.4427185  
14  17  0  96.54972076  
13  17  0  53.40304947  
12  17  0  0  
11  17  0  0  
10  17  0  0  
27  18  0  0  
26  18  0  0  
22  18  0  0  
21  18  0  0  
20  18  0  68.74208832  
19  18  0  42.37837982  
18  18  0  25.44988632  
17  18  0  40.84532928  
16  18  0  73.88344574  
15  18  0  101.1472549  
14  18  0  88.57264709  
13  18  0  42.91661072  
12  18  0  0  
11  18  0  0  
10  18  0  0  
27  19  0  0  
26  19  0  0  
21  19  0  0  
20  19  0  56.24934387  
19  19  0  35.31554794  
18  19  0  18.09645081  
17  19  0  34.40113831  
16  19  0  53.52208328  
15  19  0  72.228302  
14  19  0  72.00063324  
13  19  0  0  
12  19  0  0  
31  20  0  0  
27  20  0  0  
26  20  0  0  
19  20  0  0  
16  20  0  26.30593109  
15  20  0  0  
14  20  0  0  
13  20  0  0  
12  20  0  0  
27  21  0  0  
26  21  0  0  
20  21  0  0  
18  21  0  22.11981773  
17  21  0  24.61288834  
16  21  0  0  
15  21  0  0  
14  21  0  0  
13  21  0  0  
18  22  0  16.2983532  
17  22  0  0  
16  22  0  0  
15  22  0  0  
14  22  0  0  
13  22  0  0  
12  22  0  0  
26  23  0  0  
20  23  0  0  
17  23  0  0  
16  23  0  0  
15  23  0  0  
13  23  0  0  
12  23  0  0  
18  24  0  7.027962208  
17  24  0  0  
16  24  0  0  
15  24  0  0  
14  24  0  0  
13  24  0  0  
21  31  0  0  
