21  7  0  0  
32  12  0  0  
28  12  0  0  
23  12  0  0  
29  13  0  0  
28  13  0  5.961453438  
25  13  0  0  
23  13  0  0  
22  13  0  0  
18  13  0  0  
17  13  0  0  
33  14  0  0  
29  14  0  0  
18  14  0  41.72355652  
17  14  0  54.41411209  
29  15  0  0  
21  15  0  0  
18  15  0  32.02469254  
17  15  0  63.82283783  
16  15  0  80.8608017  
10  15  0  0  
18  16  0  45.01081085  
17  16  0  56.17531586  
16  16  0  79.83268738  
15  16  0  92.35112762  
14  16  0  77.22232819  
13  16  0  45.42968369  
34  17  0  0  
30  17  0  0  
27  17  0  0  
26  17  0  0  
20  17  0  92.94065094  
19  17  0  62.1208725  
18  17  0  37.31739807  
17  17  0  56.64664841  
16  17  0  84.0358429  
15  17  0  96.48952484  
14  17  0  85.50119019  
13  17  0  45.14093018  
12  17  0  0  
11  17  0  0  
10  17  0  0  
27  18  0  0  
26  18  0  0  
22  18  0  0  
21  18  0  25.96503639  
20  18  0  72.30119324  
19  18  0  49.83555603  
18  18  0  22.38873672  
17  18  0  0  
16  18  0  81.26911926  
15  18  0  85.53444672  
14  18  0  69.265625  
13  18  0  25.18509102  
12  18  0  0  
11  18  0  0  
10  18  0  0  
27  19  0  0  
26  19  0  0  
21  19  0  0  
20  19  0  24.12667656  
19  19  0  20.4975605  
18  19  0  19.88129234  
17  19  0  32.70192719  
16  19  0  42.31806564  
15  19  0  68.61206055  
14  19  0  57.28023148  
13  19  0  17.10339737  
12  19  0  0  
31  20  0  0  
27  20  0  0  
26  20  0  0  
19  20  0  14.48787594  
16  20  0  0  
15  20  0  0  
14  20  0  0  
13  20  0  0  
12  20  0  0  
27  21  0  0  
26  21  0  6.882493019  
20  21  0  0  
18  21  0  0  
17  21  0  0  
16  21  0  0  
15  21  0  0  
14  21  0  0  
13  21  0  0  
18  22  0  0  
17  22  0  0  
16  22  0  0  
15  22  0  0  
14  22  0  0  
13  22  0  0  
12  22  0  0  
26  23  0  0  
20  23  0  0  
17  23  0  0  
16  23  0  0  
15  23  0  0  
13  23  0  0  
12  23  0  0  
18  24  0  0  
17  24  0  0  
16  24  0  0  
15  24  0  0  
14  24  0  0  
13  24  0  0  
21  31  0  0  
