22  9  0  0  
28  11  0  0  
22  11  0  0  
19  11  0  1.402879834  
27  12  0  1.280772567  
22  12  0  0  
20  12  0  1.40540123  
19  12  0  1.432636976  
29  13  0  0  
28  13  0  1.136729836  
27  13  0  1.062041879  
22  13  0  0.8516879082  
21  13  0  0.9796907306  
20  13  0  1.336729288  
19  13  0  1.334762335  
18  13  0  1.153459668  
17  13  0  1.126931667  
29  14  0  0  
28  14  0  0  
27  14  0  0  
26  14  0  0  
22  14  0  0.8479604721  
21  14  0  0.9963804483  
20  14  0  1.131480694  
19  14  0  1.244151831  
18  14  0  1.090404272  
17  14  0  1.108652592  
16  14  0  1.180406809  
15  14  0  0  
23  15  0  0  
22  15  0  0.7987496853  
21  15  0  0.9386636615  
20  15  0  1.284063816  
19  15  0  1.25435698  
18  15  0  1.101770401  
17  15  0  1.08033514  
16  15  0  1.079382539  
28  16  0  0  
23  16  0  0  
22  16  0  1.019139886  
21  16  0  1.104679108  
20  16  0  1.292679906  
19  16  0  1.207673311  
18  16  0  1.101695657  
17  16  0  1.090224504  
16  16  0  1.057441235  
15  16  0  0  
14  16  0  0  
22  17  0  1.125630856  
21  17  0  1.170894146  
20  17  0  0  
18  17  0  1.051351786  
17  17  0  1.093826652  
16  17  0  1.14325273  
15  17  0  0  
28  18  0  0  
27  18  0  0  
21  18  0  0  
19  18  0  0  
18  18  0  0  
17  18  0  0  
16  18  0  0  
28  19  0  0.9204688072  
27  19  0  0.9042730331  
21  19  0  0  
28  20  0  0.8728220463  
27  20  0  0.8355811238  
29  21  0  0  
28  21  0  0.9269698858  
23  21  0  0  
18  21  0  0  
30  22  0  0  
29  22  0  0  
25  22  0  0  
24  22  0  0  
31  23  0  0  
30  23  0  0  
29  23  0  0  
27  23  0  0  
25  23  0  0  
24  23  0  0  
23  23  0  0  
18  23  0  0  
30  24  0  0  
29  24  0  0  
28  24  0  0  
27  24  0  0  
26  24  0  1.261039972  
25  24  0  0  
24  24  0  0  
20  30  0  0  
