22  9  0  0  
28  11  0  0  
22  11  0  0  
19  11  0  664.0373535  
27  12  0  688.059082  
22  12  0  0  
20  12  0  707.9870605  
19  12  0  654.9477539  
29  13  0  0  
28  13  0  768.8877563  
27  13  0  860.703125  
22  13  0  1769.513306  
21  13  0  1354.10376  
20  13  0  756.7144165  
19  13  0  725.2626343  
18  13  0  839.4255981  
17  13  0  869.8990479  
29  14  0  0  
28  14  0  0  
27  14  0  0  
26  14  0  0  
22  14  0  1752.570068  
21  14  0  1281.382812  
20  14  0  1049.738037  
19  14  0  802.2058716  
18  14  0  938.6420288  
17  14  0  923.4518433  
16  14  0  831.1414185  
15  14  0  0  
23  15  0  0  
22  15  0  1946.192871  
21  15  0  1366.089355  
20  15  0  769.9641113  
19  15  0  787.7782593  
18  15  0  925.1116333  
17  15  0  954.1046143  
16  15  0  968.3970947  
28  16  0  0  
23  16  0  0  
22  16  0  994.2075195  
21  16  0  873.1607056  
20  16  0  673.0924683  
19  16  0  775.9822388  
18  16  0  890.921936  
17  16  0  908.6374512  
16  16  0  971.7384644  
15  16  0  0  
14  16  0  0  
22  17  0  748.5054932  
21  17  0  747.7025146  
20  17  0  0  
18  17  0  843.4914551  
17  17  0  807.4651489  
16  17  0  768.2139282  
15  17  0  0  
28  18  0  0  
27  18  0  0  
21  18  0  0  
19  18  0  0  
18  18  0  0  
17  18  0  0  
16  18  0  0  
28  19  0  940.9214478  
27  19  0  988.6429443  
21  19  0  0  
28  20  0  1022.133057  
27  20  0  1122.020386  
29  21  0  0  
28  21  0  849.2590942  
23  21  0  0  
18  21  0  0  
30  22  0  0  
29  22  0  0  
25  22  0  0  
24  22  0  0  
31  23  0  0  
30  23  0  0  
29  23  0  0  
27  23  0  0  
25  23  0  0  
24  23  0  0  
23  23  0  0  
18  23  0  0  
30  24  0  0  
29  24  0  0  
28  24  0  0  
27  24  0  0  
26  24  0  177.6541748  
25  24  0  0  
24  24  0  0  
20  30  0  0  
