22  9  0  0  
28  11  0  0  
22  11  0  0  
19  11  0  0  
27  12  0  0  
22  12  0  0  
20  12  0  1847.510986  
19  12  0  1848.808594  
29  13  0  0  
28  13  0  0  
27  13  0  0  
22  13  0  2197.467285  
21  13  0  1963.080444  
20  13  0  1706.37207  
19  13  0  1694.393188  
18  13  0  1647.028198  
17  13  0  0  
29  14  0  0  
28  14  0  0  
27  14  0  0  
26  14  0  0  
22  14  0  2097.438232  
21  14  0  1854.576904  
20  14  0  1616.921021  
19  14  0  1595.218262  
18  14  0  1619.99646  
17  14  0  1719.516235  
16  14  0  0  
15  14  0  0  
23  15  0  0  
22  15  0  0  
21  15  0  1557.195435  
20  15  0  1472.768677  
19  15  0  1654.884399  
18  15  0  1759.076416  
17  15  0  1561.327148  
16  15  0  1484.663696  
28  16  0  0  
23  16  0  0  
22  16  0  0  
21  16  0  0  
20  16  0  0  
19  16  0  1640.114624  
18  16  0  1727.333496  
17  16  0  1654.905518  
16  16  0  1608.088379  
15  16  0  0  
14  16  0  0  
22  17  0  0  
21  17  0  0  
20  17  0  0  
18  17  0  0  
17  17  0  1865.531738  
16  17  0  1754.066772  
15  17  0  0  
28  18  0  0  
27  18  0  0  
21  18  0  0  
19  18  0  0  
18  18  0  0  
17  18  0  0  
16  18  0  0  
28  19  0  0  
27  19  0  0  
21  19  0  0  
28  20  0  0  
27  20  0  0  
29  21  0  0  
28  21  0  0  
23  21  0  0  
18  21  0  0  
30  22  0  0  
29  22  0  188.2237396  
25  22  0  0  
24  22  0  0  
31  23  0  0  
30  23  0  0  
29  23  0  0  
27  23  0  0  
25  23  0  0  
24  23  0  0  
23  23  0  0  
18  23  0  0  
30  24  0  0  
29  24  0  0  
28  24  0  0  
27  24  0  0  
26  24  0  0  
25  24  0  0  
24  24  0  0  
20  30  0  0  
