30  8  0  0.8755639791  
29  8  0  0.9720780849  
28  8  0  1.025177717  
27  8  0  0  
30  9  0  0.9171332717  
29  9  0  0.9812437296  
28  9  0  1.057830691  
27  9  0  1.159737349  
30  10  0  0.9291554093  
29  10  0  1.056069136  
28  10  0  1.159922123  
29  11  0  1.082883835  
29  12  0  0  
28  12  0  0  
22  12  0  0  
21  12  0  0  
20  12  0  0  
29  13  0  0  
28  13  0  0  
21  13  0  0  
20  13  0  0  
19  13  0  0  
29  14  0  0  
28  14  0  0  
21  14  0  1.345124483  
20  14  0  1.411515474  
19  14  0  1.352064729  
29  15  0  0  
20  15  0  1.283581972  
19  15  0  1.333330154  
29  16  0  0  
20  16  0  0  
29  17  0  0  
