30  8  0  29.48426056  
29  8  0  30.3304863  
28  8  0  26.32603073  
27  8  0  0  
30  9  0  33.42362595  
29  9  0  36.70181274  
28  9  0  26.99834824  
27  9  0  15.74755287  
30  10  0  28.02867126  
29  10  0  30.46012306  
28  10  0  20.24642372  
29  11  0  23.27571487  
29  12  0  0  
28  12  0  0  
22  12  0  0  
21  12  0  0  
20  12  0  0  
29  13  0  0  
28  13  0  0  
21  13  0  0  
20  13  0  0  
19  13  0  0  
29  14  0  0  
28  14  0  0  
21  14  0  12.77166843  
20  14  0  16.4428463  
19  14  0  14.01321983  
29  15  0  0  
20  15  0  14.68308926  
19  15  0  13.12760162  
29  16  0  0  
20  16  0  0  
29  17  0  0  
