30  8  0  1201.11792  
29  8  0  992.6985474  
28  8  0  937.7079468  
27  8  0  0  
30  9  0  1121.147827  
29  9  0  1009.791443  
28  9  0  897.1090088  
27  9  0  717.4727173  
30  10  0  1065.721069  
29  10  0  885.630188  
28  10  0  729.984436  
29  11  0  849.567688  
29  12  0  0  
28  12  0  0  
22  12  0  0  
21  12  0  0  
20  12  0  0  
29  13  0  0  
28  13  0  0  
21  13  0  0  
20  13  0  0  
19  13  0  0  
29  14  0  0  
28  14  0  0  
21  14  0  659.9777832  
20  14  0  664.355835  
19  14  0  670.1133423  
29  15  0  0  
20  15  0  746.6078491  
19  15  0  677.8388672  
29  16  0  0  
20  16  0  0  
29  17  0  0  
