18  13  0  0  
17  13  0  0  
18  14  0  1797.147095  
17  14  0  1380.522339  
16  14  0  981.2319946  
17  15  0  0  
16  15  0  1015.484314  
15  15  0  968.8120728  
26  16  0  0  
16  16  0  968.0065308  
15  16  0  953.1444092  
14  16  0  1034.556274  
16  17  0  858.5760498  
15  17  0  892.6702271  
14  17  0  974.2783813  
25  18  0  0  
15  18  0  764.8278809  
14  18  0  909.9360962  
15  19  0  643.6921387  
14  19  0  811.1464233  
13  19  0  1033.887451  
15  20  0  708.4686279  
14  20  0  805.5187988  
13  20  0  938.795105  
16  21  0  806.2915039  
15  21  0  803.9672852  
14  21  0  799.326355  
16  22  0  755.0217285  
15  22  0  850.9190674  
16  23  0  714.041748  
