18  13  0  0  
17  13  0  0  
18  14  0  51.722332  
17  14  0  48.74201965  
16  14  0  37.2162056  
17  15  0  0  
16  15  0  60.53102875  
15  15  0  49.42663956  
26  16  0  0  
16  16  0  61.63505936  
15  16  0  66.36692047  
14  16  0  37.29833603  
16  17  0  41.28072739  
15  17  0  59.25356293  
14  17  0  41.29177475  
25  18  0  0  
15  18  0  43.87011719  
14  18  0  39.71401596  
15  19  0  41.93610001  
14  19  0  48.45447922  
13  19  0  29.25432014  
15  20  0  52.00747299  
14  20  0  56.63669586  
13  20  0  31.89282227  
16  21  0  39.81149673  
15  21  0  56.90807343  
14  21  0  44.99993134  
16  22  0  40.86840439  
15  22  0  46.26094818  
16  23  0  29.61738968  
