18  13  0  0  
17  13  0  0  
18  14  0  0  
17  14  0  0.9037485719  
16  14  0  0.8822931051  
17  15  0  0.9257763028  
16  15  0  0.9696828127  
15  15  0  0.9667998552  
26  16  0  0  
16  16  0  0.952501893  
15  16  0  1.004425645  
14  16  0  0.9253869057  
16  17  0  0  
15  17  0  0.9797308445  
14  17  0  0.8579189777  
25  18  0  0  
15  18  0  1.272877216  
14  18  0  0.8362184763  
15  19  0  1.108586431  
14  19  0  0.8847512603  
13  19  0  0  
15  20  0  0.9295651317  
14  20  0  0.9898117185  
13  20  0  0  
16  21  0  0.8103832603  
15  21  0  0.8161492348  
14  21  0  0.8425744772  
16  22  0  0.8376284838  
15  22  0  0.799176991  
16  23  0  0.8179146647  
