18  13  0  0  
17  13  0  0  
18  14  0  0  
17  14  0  1699.244751  
16  14  0  1733.995605  
17  15  0  1608.791626  
16  15  0  1451.504639  
15  15  0  1441.720947  
26  16  0  0  
16  16  0  1483.609009  
15  16  0  1352.194458  
14  16  0  1589.512939  
16  17  0  0  
15  17  0  1389.256348  
14  17  0  1808.294189  
25  18  0  0  
15  18  0  779.3026123  
14  18  0  1854.237915  
15  19  0  924.1784058  
14  19  0  1593.045288  
13  19  0  0  
15  20  0  1213.769653  
14  20  0  1106.298096  
13  20  0  0  
16  21  0  1480.26709  
15  21  0  1527.778564  
14  21  0  1411.797607  
16  22  0  1320.055542  
15  22  0  1527.473999  
16  23  0  1322.729126  
