18  13  0  0  
17  13  0  0  
18  14  0  0  
17  14  0  0  
16  14  0  0.9151293635  
17  15  0  0  
16  15  0  0.919613421  
15  15  0  0.9646738172  
26  16  0  1.526684642  
16  16  0  0.8786512017  
15  16  0  0.9214169979  
14  16  0  0.8456908464  
16  17  0  0.933678925  
15  17  0  0.930619359  
14  17  0  0.8512753248  
25  18  0  0  
15  18  0  0.9493318796  
14  18  0  1.132312536  
15  19  0  1.063012838  
14  19  0  1.134506702  
13  19  0  1.302299142  
15  20  0  0.9750016332  
14  20  0  1.011672974  
13  20  0  1.122272968  
16  21  0  0.937674582  
15  21  0  0.9038739204  
14  21  0  0.9208146334  
16  22  0  0.9193187356  
15  22  0  0.8972842693  
16  23  0  0.8966497183  
