18  13  0  0  
17  13  0  0  
18  14  0  0  
17  14  0  0  
16  14  0  48.29573059  
17  15  0  0  
16  15  0  71.66226959  
15  15  0  56.00457382  
26  16  0  5.886077404  
16  16  0  80.72922516  
15  16  0  80.97544861  
14  16  0  50.02848816  
16  17  0  51.84515762  
15  17  0  72.11405182  
14  17  0  56.78404236  
25  18  0  0  
15  18  0  52.60335541  
14  18  0  32.21733475  
15  19  0  42.53874969  
14  19  0  40.57899857  
13  19  0  18.22670937  
15  20  0  57.35142136  
14  20  0  55.00509262  
13  20  0  23.78639793  
16  21  0  39.22668457  
15  21  0  63.13203812  
14  21  0  50.12281036  
16  22  0  43.39242172  
15  22  0  49.44558334  
16  23  0  33.76683426  
