27  12  0  1.280772567  
21  12  0  1.022678137  
20  12  0  1.40540123  
28  13  0  1.136729836  
27  13  0  1.062041879  
26  13  0  0  
22  13  0  0.8516879082  
21  13  0  0.9796907306  
20  13  0  1.336729288  
19  13  0  1.334762335  
18  13  0  1.153459668  
28  14  0  0  
27  14  0  0  
23  14  0  0  
22  14  0  0.8479604721  
21  14  0  0.9963804483  
20  14  0  1.131480694  
19  14  0  1.244151831  
18  14  0  1.090404272  
17  14  0  1.108652592  
22  15  0  0.7987496853  
21  15  0  0.9386636615  
20  15  0  1.284063816  
19  15  0  1.25435698  
18  15  0  1.101770401  
17  15  0  1.08033514  
16  15  0  1.079382539  
22  16  0  1.019139886  
21  16  0  1.104679108  
20  16  0  1.292679906  
19  16  0  1.207673311  
18  16  0  1.101695657  
17  16  0  1.090224504  
16  16  0  1.057441235  
21  17  0  1.170894146  
18  17  0  1.051351786  
17  17  0  1.093826652  
16  17  0  1.14325273  
27  18  0  0  
21  18  0  0  
16  18  0  0  
27  19  0  0.9042730331  
28  20  0  0.8728220463  
27  20  0  0.8355811238  
