27  12  0  0  
21  12  0  1647.892578  
20  12  0  1810.665527  
28  13  0  0  
27  13  0  0  
26  13  0  0  
22  13  0  0  
21  13  0  1439.029297  
20  13  0  1605.03186  
19  13  0  1825.907104  
18  13  0  2016.179688  
28  14  0  0  
27  14  0  0  
23  14  0  574.7617188  
22  14  0  0  
21  14  0  0  
20  14  0  1415.263794  
19  14  0  1567.774536  
18  14  0  1771.683228  
17  14  0  0  
22  15  0  0  
21  15  0  0  
20  15  0  1408.010376  
19  15  0  1846.786987  
18  15  0  1790.878418  
17  15  0  0  
16  15  0  0  
22  16  0  0  
21  16  0  0  
20  16  0  0  
19  16  0  0  
18  16  0  0  
17  16  0  0  
16  16  0  1950.543579  
21  17  0  573.9063721  
18  17  0  0  
17  17  0  0  
16  17  0  0  
27  18  0  0  
21  18  0  644.7701416  
16  18  0  0  
27  19  0  0  
28  20  0  0  
27  20  0  0  
