27  12  0  0  
21  12  0  0.8169400692  
20  12  0  0.8791350722  
28  13  0  0  
27  13  0  0  
26  13  0  0  
22  13  0  0.8114183545  
21  13  0  0.8578548431  
20  13  0  0.9203746915  
19  13  0  0.9250568151  
18  13  0  0.9406712651  
28  14  0  0  
27  14  0  0  
23  14  0  0  
22  14  0  0.8161382675  
21  14  0  0.8748175502  
20  14  0  0.9504703283  
19  14  0  0.9609537125  
18  14  0  0.9429388046  
17  14  0  0.9010527134  
22  15  0  0  
21  15  0  0.9461643696  
20  15  0  1.004261851  
19  15  0  0.9416278005  
18  15  0  0.8998556137  
17  15  0  0.9459627867  
16  15  0  0.9483428001  
22  16  0  0  
21  16  0  0  
20  16  0  0  
19  16  0  0.9258739948  
18  16  0  0.897572577  
17  16  0  0.9144687653  
16  16  0  0.9122768044  
21  17  0  0  
18  17  0  0  
17  17  0  0.8489832282  
16  17  0  0.8707669973  
27  18  0  0  
21  18  0  0  
16  18  0  0  
27  19  0  0  
28  20  0  0  
27  20  0  0  
