27  12  0  0  
21  12  0  80.62614441  
20  12  0  77.09985352  
28  13  0  0  
27  13  0  0  
26  13  0  0  
22  13  0  60.23204041  
21  13  0  88.66745758  
20  13  0  90.31619263  
19  13  0  79.15361786  
18  13  0  53.28045654  
28  14  0  0  
27  14  0  0  
23  14  0  0  
22  14  0  56.51379776  
21  14  0  68.31803894  
20  14  0  70.65467072  
19  14  0  73.78990936  
18  14  0  70.36696625  
17  14  0  60.83555984  
22  15  0  0  
21  15  0  48.22006989  
20  15  0  47.4887886  
19  15  0  59.36177444  
18  15  0  73.31342316  
17  15  0  66.49263  
16  15  0  46.54476166  
22  16  0  0  
21  16  0  0  
20  16  0  0  
19  16  0  39.77810287  
18  16  0  55.43828583  
17  16  0  62.10933685  
16  16  0  52.01189804  
21  17  0  0  
18  17  0  0  
17  17  0  49.08853149  
16  17  0  44.47433853  
27  18  0  0  
21  18  0  0  
16  18  0  0  
27  19  0  0  
28  20  0  0  
27  20  0  0  
