19  10  0  0  
29  11  0  0  
28  11  0  0  
20  11  0  0  
28  12  0  0  
23  12  0  0  
20  12  0  0  
19  12  0  50.75102997  
18  12  0  0  
20  13  0  0  
19  13  0  0  
18  13  0  0  
17  13  0  0  
17  14  0  0  
28  15  0  0  
27  15  0  0  
19  15  0  0  
18  15  0  11.33829784  
27  16  0  28.42777061  
26  16  0  28.89501762  
18  16  0  7.403378963  
12  16  0  0  
27  17  0  21.00438309  
26  17  0  25.38947868  
18  17  0  0  
12  17  0  8.508507729  
27  18  0  11.848629  
26  18  0  0  
19  18  0  7.273823261  
18  18  0  0  
17  18  0  0  
13  18  0  0  
27  19  0  0  
18  19  0  9.727238655  
17  19  0  0  
13  19  0  0  
18  20  0  0  
17  20  0  7.356652737  
13  20  0  0  
17  21  0  0  
17  22  0  0  
13  22  0  0  
21  23  0  0  
20  23  0  0  
19  23  0  0  
17  23  0  0  
14  23  0  5.737892151  
25  24  0  0  
19  24  0  0  
