19  10  0  0  
29  11  0  7.666951656  
28  11  0  7.902081013  
20  11  0  0  
28  12  0  7.654267311  
23  12  0  0  
20  12  0  0  
19  12  0  0  
18  12  0  0  
20  13  0  0  
19  13  0  32.10187149  
18  13  0  0  
17  13  0  0  
17  14  0  0  
28  15  0  0  
27  15  0  0  
19  15  0  0  
18  15  0  0  
27  16  0  0  
26  16  0  23.89674187  
18  16  0  0  
12  16  0  0  
27  17  0  0  
26  17  0  27.78429604  
18  17  0  0  
12  17  0  0  
27  18  0  0  
26  18  0  0  
19  18  0  0  
18  18  0  0  
17  18  0  0  
13  18  0  6.919168472  
27  19  0  0  
18  19  0  0  
17  19  0  0  
13  19  0  0  
18  20  0  0  
17  20  0  0  
13  20  0  0  
17  21  0  0  
17  22  0  0  
13  22  0  0  
21  23  0  0  
20  23  0  0  
19  23  0  0  
17  23  0  0  
14  23  0  0  
25  24  0  0  
19  24  0  0  
