19  10  0  0  
29  11  0  159.7559357  
28  11  0  170.5769348  
20  11  0  0  
28  12  0  182.3132172  
23  12  0  0  
20  12  0  0  
19  12  0  0  
18  12  0  0  
20  13  0  0  
19  13  0  1388.474854  
18  13  0  0  
17  13  0  0  
17  14  0  0  
28  15  0  0  
27  15  0  0  
19  15  0  0  
18  15  0  0  
27  16  0  0  
26  16  0  780.2966309  
18  16  0  0  
12  16  0  0  
27  17  0  0  
26  17  0  1069.827637  
18  17  0  0  
12  17  0  0  
27  18  0  0  
26  18  0  0  
19  18  0  0  
18  18  0  0  
17  18  0  0  
13  18  0  236.0741425  
27  19  0  0  
18  19  0  0  
17  19  0  0  
13  19  0  0  
18  20  0  0  
17  20  0  0  
13  20  0  0  
17  21  0  0  
17  22  0  0  
13  22  0  0  
21  23  0  0  
20  23  0  0  
19  23  0  0  
17  23  0  0  
14  23  0  0  
25  24  0  0  
19  24  0  0  
