27  7  0  0  
26  7  0  0  
25  7  0  0  
29  8  0  0  
27  8  0  0  
26  8  0  0  
25  8  0  0  
24  8  0  0  
27  9  0  0  
26  9  0  0  
25  9  0  0  
24  9  0  0  
27  10  0  0  
26  10  0  1200.212646  
25  10  0  0  
26  11  0  1336.697021  
27  12  0  0  
26  12  0  0  
25  12  0  0  
19  12  0  0  
18  12  0  0  
27  13  0  0  
26  13  0  0  
19  13  0  0  
18  13  0  0  
17  13  0  0  
27  14  0  0  
18  14  0  0  
17  14  0  0  
27  15  0  0  
18  15  0  0  
17  15  0  0  
18  16  0  0  
18  20  0  0  
