16  12  0  0  
17  13  0  0.9546077847  
16  13  0  0.9502616525  
15  13  0  0.9004449248  
18  14  0  0  
17  14  0  1.014532924  
16  14  0  0.9732044339  
15  14  0  0.9433482289  
14  14  0  0.9426540732  
26  15  0  0  
20  15  0  1.011884809  
19  15  0  1.037722349  
18  15  0  1.029045343  
17  15  0  0.9981483817  
16  15  0  0.9707475305  
15  15  0  0.9416254759  
14  15  0  0.9234084487  
13  15  0  0.9161954522  
26  16  0  0  
25  16  0  0  
21  16  0  0  
20  16  0  1.088187337  
19  16  0  1.030171156  
18  16  0  0.9679953456  
17  16  0  0.9771057367  
16  16  0  0.9979468584  
15  16  0  0.9603637457  
14  16  0  0.9150799513  
13  16  0  0.901697576  
12  16  0  0  
26  17  0  0  
20  17  0  0  
19  17  0  1.03822875  
18  17  0  0.9855219126  
17  17  0  0.9715670347  
16  17  0  0.9901832342  
15  17  0  0.9741939902  
14  17  0  0.9302953482  
13  17  0  0.911829412  
12  17  0  0.8853125572  
26  18  0  0  
19  18  0  0  
18  18  0  1.054857373  
17  18  0  0.8978244662  
16  18  0  0.8336942196  
15  18  0  0.9197441936  
14  18  0  0.9369027019  
13  18  0  0.9062297344  
12  18  0  0  
26  19  0  0  
18  19  0  0  
17  19  0  0  
16  19  0  0  
15  19  0  0  
14  19  0  0.9041903019  
13  19  0  0.8432044387  
18  20  0  1.491523027  
17  20  0  0.9888084531  
16  20  0  0  
15  20  0  0  
14  20  0  0.8298043013  
13  20  0  0  
17  21  0  1.032030106  
16  21  0  0  
16  22  0  0  
15  22  0  0  
