16  12  0  0  
17  13  0  71.96648407  
16  13  0  89.27655029  
15  13  0  73.34976196  
18  14  0  0  
17  14  0  88.13843536  
16  14  0  127.5334549  
15  14  0  124.4350739  
14  14  0  77.33400726  
26  15  0  0  
20  15  0  49.00127792  
19  15  0  66.08879089  
18  15  0  68.01708984  
17  15  0  84.02005768  
16  15  0  119.7319717  
15  15  0  154.0055542  
14  15  0  143.4216003  
13  15  0  86.37422943  
26  16  0  0  
25  16  0  0  
21  16  0  0  
20  16  0  57.86858749  
19  16  0  86.9278717  
18  16  0  77.85296631  
17  16  0  71.05563354  
16  16  0  87.16598511  
15  16  0  135.7375336  
14  16  0  184.6615143  
13  16  0  141.2552032  
12  16  0  0  
26  17  0  0  
20  17  0  0  
19  17  0  66.08628845  
18  17  0  61.50959778  
17  17  0  56.63166428  
16  17  0  69.71577454  
15  17  0  115.2414856  
14  17  0  171.7446594  
13  17  0  142.7731934  
12  17  0  67.01346588  
26  18  0  0  
19  18  0  0  
18  18  0  40.12517166  
17  18  0  53.69206238  
16  18  0  77.81098938  
15  18  0  100.6963501  
14  18  0  130.8646851  
13  18  0  109.6632996  
12  18  0  0  
26  19  0  0  
18  19  0  0  
17  19  0  0  
16  19  0  0  
15  19  0  0  
14  19  0  108.6808548  
13  19  0  93.46179199  
18  20  0  16.65841103  
17  20  0  43.33700943  
16  20  0  0  
15  20  0  0  
14  20  0  81.60425568  
13  20  0  0  
17  21  0  31.7113533  
16  21  0  0  
16  22  0  0  
15  22  0  0  
