16  12  0  0  
17  13  0  1534.986206  
16  13  0  1517.862183  
15  13  0  1675.121582  
18  14  0  0  
17  14  0  1396.296387  
16  14  0  1479.198853  
15  14  0  1561.307861  
14  14  0  1596.059204  
26  15  0  0  
20  15  0  1410.806152  
19  15  0  1344.438965  
18  15  0  1344.738647  
17  15  0  1442.003296  
16  15  0  1505.384399  
15  15  0  1584.912109  
14  15  0  1667.616821  
13  15  0  1719.146362  
26  16  0  0  
25  16  0  0  
21  16  0  0  
20  16  0  1267.630493  
19  16  0  1371.394165  
18  16  0  1504.786011  
17  16  0  1491.902222  
16  16  0  1413.858765  
15  16  0  1515.513184  
14  16  0  1676.828003  
13  16  0  1743.964111  
12  16  0  0  
26  17  0  0  
20  17  0  0  
19  17  0  1359.098511  
18  17  0  1462.945312  
17  17  0  1484.914673  
16  17  0  1394.207153  
15  17  0  1432.672485  
14  17  0  1595.154663  
13  17  0  1684.26416  
12  17  0  1781.77417  
26  18  0  0  
19  18  0  0  
18  18  0  1320.265015  
17  18  0  1677.619141  
16  18  0  1893.300293  
15  18  0  1544.375366  
14  18  0  1517.949463  
13  18  0  1659.591187  
12  18  0  0  
26  19  0  0  
18  19  0  0  
17  19  0  0  
16  19  0  0  
15  19  0  0  
14  19  0  1579.549316  
13  19  0  1849.221436  
18  20  0  609.5146484  
17  20  0  1286.775757  
16  20  0  0  
15  20  0  0  
14  20  0  1836.88855  
13  20  0  0  
17  21  0  1034.118164  
16  21  0  0  
16  22  0  0  
15  22  0  0  
