21  12  0  0  
20  12  0  0  
28  13  0  0  
27  13  0  0  
22  13  0  0.903316915  
21  13  0  1.043370485  
20  13  0  1.163247943  
19  13  0  1.112445474  
28  14  0  0  
27  14  0  0  
22  14  0  0.852276206  
21  14  0  0.9852400422  
20  14  0  1.050551176  
19  14  0  1.042324185  
18  14  0  1.029659033  
23  15  0  0  
22  15  0  0  
21  15  0  0.9492853284  
20  15  0  1.005195498  
19  15  0  0.9959011078  
18  15  0  1.054531217  
17  15  0  0  
23  16  0  0  
22  16  0  0  
21  16  0  0  
20  16  0  0  
19  16  0  0.9775141478  
18  16  0  1.029652357  
17  16  0  0  
16  16  0  0.8582555652  
22  17  0  0  
21  17  0  0  
19  17  0  0.9850208163  
18  17  0  1.061531901  
17  17  0  0.9374706149  
16  17  0  0.841969192  
27  18  0  0  
17  18  0  0.8609825373  
16  18  0  0  
27  19  0  0  
28  20  0  0  
27  20  0  0  
28  21  0  0  
