21  12  0  0  
20  12  0  0  
28  13  0  0  
27  13  0  0  
22  13  0  45.10155106  
21  13  0  54.58078766  
20  13  0  46.24850845  
19  13  0  36.88024902  
28  14  0  0  
27  14  0  0  
22  14  0  61.36884308  
21  14  0  63.48616791  
20  14  0  63.99620056  
19  14  0  59.73373413  
18  14  0  44.25974655  
23  15  0  0  
22  15  0  0  
21  15  0  54.33403397  
20  15  0  57.33247757  
19  15  0  63.14970398  
18  15  0  56.7846756  
17  15  0  0  
23  16  0  0  
22  16  0  0  
21  16  0  0  
20  16  0  0  
19  16  0  50.00923538  
18  16  0  55.69439316  
17  16  0  0  
16  16  0  50.86657715  
22  17  0  0  
21  17  0  0  
19  17  0  29.96389008  
18  17  0  36.22835159  
17  17  0  55.25356674  
16  17  0  54.40409088  
27  18  0  0  
17  18  0  38.39818573  
16  18  0  0  
27  19  0  0  
28  20  0  0  
27  20  0  0  
28  21  0  0  
