21  12  0  0  
20  12  0  0  
28  13  0  0  
27  13  0  0  
22  13  0  1814.037964  
21  13  0  1447.675415  
20  13  0  1221.298584  
19  13  0  1280.890625  
28  14  0  0  
27  14  0  0  
22  14  0  2007.666382  
21  14  0  1571.42627  
20  14  0  1430.302368  
19  14  0  1432.741943  
18  14  0  1442.623779  
23  15  0  0  
22  15  0  0  
21  15  0  1668.272705  
20  15  0  1551.773926  
19  15  0  1547.447144  
18  15  0  1398.783081  
17  15  0  0  
23  16  0  0  
22  16  0  0  
21  16  0  0  
20  16  0  0  
19  16  0  1589.723877  
18  16  0  1461.480103  
17  16  0  0  
16  16  0  2023.707275  
22  17  0  0  
21  17  0  0  
19  17  0  1491.927368  
18  17  0  1381.406982  
17  17  0  1744.829468  
16  17  0  2122.244141  
27  18  0  0  
17  18  0  2007.36438  
16  18  0  0  
27  19  0  0  
28  20  0  0  
27  20  0  0  
28  21  0  0  
