29  11  0  0  
17  14  0  0  
16  14  0  0  
17  15  0  0  
16  15  0  1.178548813  
15  15  0  1.035721421  
14  15  0  0  
26  16  0  0  
17  16  0  0  
16  16  0  1.065001488  
15  16  0  0.8975557089  
14  16  0  0  
26  17  0  0  
19  17  0  1.397885084  
18  17  0  1.094624519  
17  17  0  0  
16  17  0  0.9487742186  
15  17  0  0.8891601562  
14  17  0  0.851115346  
13  17  0  0  
20  18  0  1.03351438  
19  18  0  1.062242866  
18  18  0  0  
17  18  0  0  
16  18  0  0.8255094886  
15  18  0  0.881367445  
14  18  0  0.8798094392  
13  18  0  0.7911584973  
20  19  0  0.906645298  
19  19  0  0.9139006734  
18  19  0  0  
17  19  0  0  
16  19  0  0.8322178721  
15  19  0  0.9104191661  
14  19  0  0.8704224229  
13  19  0  0  
19  20  0  0  
18  20  0  0  
17  20  0  0  
16  20  0  0.7591466308  
15  20  0  0.8900921345  
14  20  0  0.8421495557  
13  20  0  0  
18  21  0  0  
17  21  0  0  
16  21  0  0  
15  21  0  1.223113537  
14  21  0  1.204932809  
18  22  0  0  
17  22  0  0.9546576738  
16  22  0  0  
15  22  0  1.255794406  
18  23  0  0  
17  23  0  0  
