29  11  0  0  
17  14  0  0  
16  14  0  0  
17  15  0  0  
16  15  0  37.8237648  
15  15  0  39.13411331  
14  15  0  0  
26  16  0  0  
17  16  0  0  
16  16  0  63.32341385  
15  16  0  87.26393127  
14  16  0  0  
26  17  0  0  
19  17  0  16.46237755  
18  17  0  28.37154388  
17  17  0  0  
16  17  0  74.93587494  
15  17  0  105.0077209  
14  17  0  113.0217972  
13  17  0  0  
20  18  0  28.54339218  
19  18  0  36.98178482  
18  18  0  0  
17  18  0  0  
16  18  0  79.20659637  
15  18  0  95.73001099  
14  18  0  121.954071  
13  18  0  124.8599777  
20  19  0  31.62986946  
19  19  0  42.96393585  
18  19  0  0  
17  19  0  0  
16  19  0  62.44018936  
15  19  0  76.7197876  
14  19  0  110.7281418  
13  19  0  0  
19  20  0  0  
18  20  0  0  
17  20  0  0  
16  20  0  64.26219177  
15  20  0  66.07575226  
14  20  0  90.58705902  
13  20  0  0  
18  21  0  0  
17  21  0  0  
16  21  0  0  
15  21  0  30.02288437  
14  21  0  29.91221809  
18  22  0  0  
17  22  0  26.29854584  
16  22  0  0  
15  22  0  19.27991676  
18  23  0  0  
17  23  0  0  
