29  11  0  0  
17  14  0  0  
16  14  0  0  
17  15  0  0  
16  15  0  1228.057007  
15  15  0  1452.96228  
14  15  0  0  
26  16  0  0  
17  16  0  0  
16  16  0  1420.843384  
15  16  0  1870.749878  
14  16  0  0  
26  17  0  0  
19  17  0  744.9356689  
18  17  0  1307.815552  
17  17  0  0  
16  17  0  1727.510864  
15  17  0  1904.94104  
14  17  0  2110.709229  
13  17  0  0  
20  18  0  1306.969116  
19  18  0  1289.200562  
18  18  0  0  
17  18  0  0  
16  18  0  2205.273926  
15  18  0  1893.77478  
14  18  0  1912.408569  
13  18  0  2458.531006  
20  19  0  1630.317749  
19  19  0  1676.036255  
18  19  0  0  
17  19  0  0  
16  19  0  2013.477661  
15  19  0  1687.222656  
14  19  0  1877.122192  
13  19  0  0  
19  20  0  0  
18  20  0  0  
17  20  0  0  
16  20  0  2344.657471  
15  20  0  1677.462646  
14  20  0  1921.938965  
13  20  0  0  
18  21  0  0  
17  21  0  0  
16  21  0  0  
15  21  0  837.0092163  
14  21  0  824.8429565  
18  22  0  0  
17  22  0  1092.600708  
16  22  0  0  
15  22  0  768.3969727  
18  23  0  0  
17  23  0  0  
