20  11  0  0  
20  12  0  0  
19  12  0  0  
29  13  0  0  
28  13  0  0  
29  14  0  0  
28  14  0  0  
28  17  0  1.012347817  
32  18  0  0  
30  18  0  0  
29  18  0  0  
28  18  0  1.070570111  
20  18  0  0  
19  18  0  0  
18  18  0  0  
31  19  0  0  
30  19  0  0  
29  19  0  1.049987435  
19  19  0  1.282731056  
18  19  0  1.297490716  
31  20  0  0  
30  20  0  0.9524880648  
29  20  0  1.200379968  
28  20  0  1.268540502  
19  20  0  0  
18  20  0  0  
31  21  0  0.8918371201  
30  21  0  1.025631666  
29  21  0  1.187385082  
28  21  0  1.129627943  
27  21  0  0  
19  21  0  0  
30  22  0  0.9886562824  
