20  11  0  0  
20  12  0  0  
19  12  0  0  
29  13  0  0  
28  13  0  0  
29  14  0  0  
28  14  0  0  
28  17  0  26.06824303  
32  18  0  0  
30  18  0  0  
29  18  0  0  
28  18  0  27.74217033  
20  18  0  0  
19  18  0  0  
18  18  0  0  
31  19  0  0  
30  19  0  0  
29  19  0  35.91346359  
19  19  0  28.76459503  
18  19  0  24.61817932  
31  20  0  0  
30  20  0  46.8623848  
29  20  0  28.35305595  
28  20  0  18.36576843  
19  20  0  0  
18  20  0  0  
31  21  0  29.79275322  
30  21  0  34.75981903  
29  21  0  27.09196663  
28  21  0  21.68389893  
27  21  0  0  
19  21  0  0  
30  22  0  25.05582619  
