20  11  0  0  
20  12  0  0  
19  12  0  0  
29  13  0  0  
28  13  0  0  
29  14  0  0  
28  14  0  0  
28  17  0  1016.511536  
32  18  0  0  
30  18  0  0  
29  18  0  0  
28  18  0  950.5392456  
20  18  0  0  
19  18  0  0  
18  18  0  0  
31  19  0  0  
30  19  0  0  
29  19  0  937.3370972  
19  19  0  786.3514404  
18  19  0  780.8592529  
31  20  0  0  
30  20  0  1115.208618  
29  20  0  739.0786133  
28  20  0  698.7836914  
19  20  0  0  
18  20  0  0  
31  21  0  1096.665527  
30  21  0  908.4490356  
29  21  0  706.112854  
28  21  0  785.5967407  
27  21  0  0  
19  21  0  0  
30  22  0  920.1676025  
