18  13  0  0  
17  13  0  0  
18  14  0  0.8830497265  
17  14  0  0.9291603565  
16  14  0  0  
19  15  0  0.8699250221  
18  15  0  0.9012311101  
17  15  0  0.9328719974  
16  15  0  0.9104315639  
15  15  0  0.8915101886  
14  15  0  0.9529486895  
19  16  0  1.038222432  
18  16  0  1.00046742  
17  16  0  0.9386159182  
16  16  0  0.9201043844  
15  16  0  0.9275848269  
14  16  0  0.9367645383  
13  16  0  0.8740860224  
21  17  0  0  
20  17  0  0.9047521949  
19  17  0  1.116597533  
18  17  0  1.111153245  
17  17  0  0.9339553714  
16  17  0  0.8913241029  
15  17  0  0.933252573  
14  17  0  0.9622977972  
13  17  0  0.9331613183  
21  18  0  0  
20  18  0  0.8824571967  
19  18  0  1.004363775  
18  18  0  1.173240066  
17  18  0  0.9718188643  
16  18  0  0.8714010119  
15  18  0  0.8985465765  
14  18  0  0.9192529321  
13  18  0  0.9401190281  
20  19  0  0.7837626338  
19  19  0  0.9180630445  
18  19  0  1.33437252  
17  19  0  1.005810142  
16  19  0  0.9006642103  
15  19  0  0.8868329525  
14  19  0  0.8335697651  
18  20  0  1.137459517  
17  20  0  1.072312832  
16  20  0  1.080080867  
18  21  0  1.044499159  
17  21  0  1.061294794  
18  22  0  1.147650838  
17  22  0  0  
